0 0.158445 0.986621 0.051003 0.021780
0 0.238712 0.983199 0.029264 0.027380
0 0.877508 0.745488 0.169732 0.059739
0 0.586120 0.747666 0.053512 0.070317
0 0.622492 0.716553 0.024247 0.044182
0 0.983278 0.699129 0.033445 0.055383
0 0.657609 0.670815 0.030936 0.032358
0 0.410535 0.664592 0.075251 0.043559
0 0.467391 0.657747 0.041806 0.037337
0 0.545987 0.672993 0.100334 0.076540
0 0.025502 0.614810 0.051003 0.044804
0 0.375836 0.621033 0.139632 0.080896
0 0.179766 0.525825 0.075251 0.021157
0 0.064799 0.589297 0.129599 0.155569
0 0.095736 0.421904 0.191472 0.181705
