0 0.705476 0.975926 0.025238 0.034815
0 0.843810 0.939630 0.026667 0.043704
0 0.491667 0.924259 0.020952 0.041111
0 0.789048 0.930926 0.046190 0.071481
0 0.642024 0.915370 0.033571 0.055926
0 0.081667 0.926481 0.046190 0.078148
0 0.927857 0.919815 0.040000 0.065556
0 0.778214 0.886111 0.073571 0.070741
0 0.896548 0.889074 0.050714 0.097407
0 0.215952 0.913519 0.146190 0.160370
0 0.713214 0.817593 0.025000 0.032222
0 0.741310 0.814815 0.030238 0.037778
0 0.837738 0.809259 0.038810 0.055556
0 0.935119 0.759815 0.039762 0.088519
0 0.496429 0.740556 0.038095 0.084815
