0 0.3176971234375 0.42939827656249996 0.24484656093749999 0.47329623906249996 0.205026921875 0.5165912671874999 0.1829170953125 0.551791725 0.1784740890625 0.5861284171875 0.1663299265625 0.60869741875 0.167958996875 0.631749609375 0.203287821875 0.660527421875 0.254023759375 0.6823352671875 0.2953004609375 0.6910156390625 0.37601458125 0.6909728562499999 0.42909622656249996 0.704425296875 0.44977758124999995 0.70153468125 0.483147721875 0.6735906765624999 0.48089282187500004 0.6369791296875 0.5354125468750001 0.55711103125 0.547141090625 0.515334009375 0.546644271875 0.480082246875 0.53191079375 0.462875421875 0.5104842125 0.41288839062499993 0.4808882484375 0.400167146875 0.40511395625 0.4011250046875 0.3176971234375 0.42939827656249996
0 0.370893596875 0.24535702499999998 0.50452215625 0.25718454375 0.539019746875 0.247546315625 0.5684151078124999 0.2049055265625 0.5926986296875 0.1902728703125 0.60304170625 0.173574890625 0.59944434375 0.154811578125 0.5799382468750001 0.13827181875 0.55403045625 0.0993469328125 0.5158494953125 0.10468345625 0.4082625375 0.07958306875 0.35308359375 0.0921119125 0.27378353125 0.1513608984375 0.26000549375 0.1813830578125 0.259709278125 0.201493325 0.370893596875 0.24535702499999998
0 0.809062209375 0.1295272296875 0.8438082093749999 0.1375148828125 0.870351434375 0.128988428125 0.878434809375 0.10618424687500001 0.9064065046875 0.06534795 0.8378227046875001 0.01462425 0.7091801 0.012378784375 0.703916575 0.020599134375 0.7240484984375 0.050698253125 0.72672381875 0.0760124734375 0.7366846765624999 0.0938863640625 0.78838085625 0.1324178453125 0.809062209375 0.1295272296875
0 0.0565550921875 0.3872279375 0.0213408625 0.42827376250000004 0.0137591109375 0.4558243609375 0.0496277578125 0.5126231375 0.0623117390625 0.518075096875 0.086174840625 0.5147397703125 0.1068179953125 0.4885746078125 0.118632546875 0.43233598281249996 0.0884537609375 0.39882457968749996 0.0565550921875 0.3872279375
0 0.1838869453125 0.5075046640624999 0.20473550937499999 0.5061961875 0.24417773125000003 0.46696768281249995 0.3209218734375 0.42172276406250003 0.338679496875 0.37589204375 0.3405283890625 0.3322848765625 0.3255847 0.3207267140625 0.307750678125 0.32000834375 0.2548314375 0.3386433890625 0.2212558875 0.3417307078125 0.1920325390625 0.3554482875 0.1673716015625 0.374147465625 0.1588630015625 0.43875432343750004 0.1727938359375 0.5018303484375 0.1838869453125 0.5075046640624999
0 0.42479640781250005 0.89287086875 0.4367207515625 0.9369612265624999 0.4598672171875 0.9650334953125 0.480968990625 0.9508455515625001 0.5331000015625 0.8865636609375 0.5114202046874999 0.8494560984374999 0.4890237734375 0.8437561296875 0.4332572 0.8660001625 0.42479640781250005 0.89287086875
0 0 0.6616454875 0.013811489062499998 0.65490019375 0.029261603125 0.6406994234375001 0.0124500421875 0.5274524921875 0 0.49380982656250005 0 0.6616454875
0 0.596625603125 0.242705809375 0.6368178578125 0.22584960468749998 0.647662559375 0.2138980390625 0.664168528125 0.140948603125 0.652244184375 0.09685824531250001 0.62260521875 0.09136780312500001 0.602382484375 0.1062356390625 0.588227028125 0.140324321875 0.60136963125 0.1577535015625 0.603376121875 0.17673916875 0.589851296875 0.19388186093749998 0.5700059796875 0.20468317187500001 0.5690839375000001 0.21123408281249997 0.5728915109375 0.224348728125 0.596625603125 0.242705809375
0 0.54428415 0.5799536953125 0.5353217359375 0.6020779859375 0.5382072671875 0.6217435453125 0.55749835 0.674437315625 0.5692602890625 0.6864401875 0.6148557953125 0.6519709265625 0.61796114375 0.604977125 0.6010921687499999 0.5904770390625 0.5672682109375 0.575938475 0.54428415 0.5799536953125
0 0.35488398593750003 0.8881928890624999 0.38309928437499996 0.8954878234375 0.3917750921875 0.83246310625 0.3227465140625 0.79795966875 0.2870784703125 0.796522925 0.285067175 0.8080426078125 0.32219228125 0.8614547515625001 0.35488398593750003 0.8881928890624999
0 0.08846290625 0.8724485453125 0.0418211515625 0.9046557749999999 0.0300114046875 0.9303890546875 0.03386198125 0.9362729 0.056970246875 0.941070621875 0.11122714687499999 0.9350926875000001 0.140159084375 0.9109800265624999 0.144181671875 0.8879406624999999 0.130828859375 0.8761601453125 0.08846290625 0.8724485453125
0 0.765964978125 0.5160566015625 0.7570455640625 0.5309500875000001 0.75289396875 0.575681859375 0.8178617593749999 0.6099501140625 0.8346495328125 0.6084064546875 0.835991996875 0.5905582171875 0.8229353984375001 0.5586674328125001 0.820260078125 0.5333532109375 0.804647559375 0.51546649375 0.765964978125 0.5160566015625
0 0.5992908546875 0.863665390625 0.590371440625 0.878558878125 0.5936725890625 0.9174324593750001 0.6010775265625 0.9493104156250001 0.6181137109375 0.965392640625 0.673627071875 0.9560280703125 0.6857282296875 0.940689871875 0.6919341234374999 0.8772076171875 0.68067380625 0.8699511624999999 0.5992908546875 0.863665390625
0 0.9254580921875 0.8413571390625 0.9257973109375 0.8140160671875 0.912444496875 0.80223555 0.8598644734375 0.7935295265625 0.842656278125 0.8063705125 0.844538565625 0.8165432375 0.9003719296874999 0.901858990625 0.9254580921875 0.8413571390625
