0 0.6180382640625 0.6283459015624999 0.698737878125 0.6074082421875 0.7482279796875 0.57748936875 0.77881851875 0.5501937765625 0.7925655468749999 0.51861263125 0.8102695453125 0.5005239640625 0.8151645765625 0.4779871546875 0.7899856859375001 0.44021793750000004 0.748384734375 0.4046618875 0.7120138890625001 0.3844086328125 0.6361493265625 0.3610929015625 0.590014815625 0.3328557953125 0.5697733375 0.3296379984375 0.5306234953125 0.346729303125 0.5225368171875 0.38242613593749997 0.449036996875 0.443098653125 0.42636919375 0.479693375 0.41700937656250003 0.5135798859375 0.42605890312500005 0.53431364375 0.43226065468749997 0.5883612078125 0.4565278765625 0.6091022359375 0.528005225 0.6301126015625 0.6180382640625 0.6283459015624999
0 0.5167428890625 0.789115153125 0.39445991875 0.7391251140625 0.359353415625 0.7383680046875 0.319842103125 0.7706771765625 0.2929422328125 0.777656396875 0.27856743125 0.79064655625 0.2767176984375 0.8096476546875 0.290438334375 0.83112398125 0.30393505 0.8758796875 0.34130393593749997 0.8818202375 0.4354138953125 0.9369791749999999 0.49076187656250003 0.9409540828124999 0.5818017531249999 0.90718885625 0.60311884375 0.88243888125 0.6090031171875 0.863275190625 0.5167428890625 0.789115153125
0 0 0.8563390296875 0.026257078125 0.8920344390625001 0.027658968750000002 0.919592096875 0.039332346875 0.9302914296875 0.0568812 0.9395128968750001 0.08802193750000001 0.9444633546875 0.099205090625 0.9446332171874999 0.1411251328125 0.907883175 0.13059614375 0.8732468250000001 0.1351385015625 0.8482420562499999 0.1307600859375 0.828250865625 0.092918575 0.776409196875 0.072677096875 0.7731914 0.042250503125 0.755491034375 0.0149291828125 0.7559715406249999 0.000975828125 0.7754604140625 0 0.7762632921875 0 0.8563390296875
0 0.8516961484375001 0.74427914375 0.89623124375 0.7151804984375 0.911036290625 0.6910032312500001 0.8931611593750001 0.6262563343750001 0.8827609203125 0.617367321875 0.8594053671875 0.613654478125 0.8327118203125 0.6327259671875 0.8059319031250001 0.6831383484375 0.824951421875 0.723948228125 0.8516961484375001 0.74427914375
0 0.7655617109375 0.5923043906250001 0.745604128125 0.5875237953125 0.6976022890625 0.6136594343749999 0.6128681328125001 0.6347596859375 0.5834043859375 0.6734899109375 0.569511009375 0.7146953671875 0.58033269375 0.7300830953124999 0.59689230625 0.7359314421875001 0.6518188390625 0.7334076328125 0.684232715625 0.7401684125 0.7155197984375 0.735494559375 0.7439079343749999 0.7247321062500001 0.7699137312500001 0.6653530515625 0.7744049109375 0.6009458796875 0.7655617109375 0.5923043906250001
0 0.6465863671875 0.153721271875 0.6476707765625 0.1080676765625 0.633743815625 0.07449907812499999 0.6099580171875 0.08197334375000001 0.5430478140624999 0.1284180875 0.5530777859375 0.170210790625 0.572536346875 0.1821477375 0.6311447484375 0.1769933796875 0.6465863671875 0.153721271875
0 0.9543494234375001 0.6994966703125 0.954770871875 0.7059953859375 0.9571314765625001 0.7062287765625 0.98744646875 0.53935085625 0.9884368609375 0.4967996125 0.9664810484374999 0.500434075 0.9480029328124999 0.5095560703124999 0.9322334281250001 0.6228200953125 0.9351835578125 0.6683111 0.94542865 0.7045102484375 0.9543494234375001 0.6994966703125
0 0.3038678859375 0.726331584375 0.26139764374999996 0.7308355765625 0.247874534375 0.7391373406249999 0.2120274953125 0.804187609375 0.21094308593750002 0.84984120625 0.23726636406249998 0.86367340625 0.2604155921875 0.8552939796875 0.28322094531249997 0.826760771875 0.27572845625000003 0.8062745359375001 0.2791352265625 0.787520959375 0.2966241015625 0.7750258453125001 0.3182850671875 0.770429653125 0.32097769375 0.764425984375 0.321055265625 0.750770915625 0.3038678859375 0.726331584375
0 0.4470673109375 0.418666590625 0.46165723593749997 0.4000828765625 0.464427434375 0.3804241421875 0.46098708281249995 0.324403665625 0.4532794703125 0.309510984375 0.400821640625 0.3293105015625 0.38480343281249996 0.373394028125 0.396614359375 0.392154875 0.42434832812499995 0.415858909375 0.4470673109375 0.418666590625
0 0.7109838734375 0.1784299375 0.686501528125 0.1632824640625 0.660779628125 0.22109872031250002 0.7160324421875 0.2741003421875 0.7491516640625 0.28579703749999996 0.75425301875 0.27535249687499996 0.73425305625 0.2134836734375 0.7109838734375 0.1784299375
0 0.9939845515625001 0.258448215625 0.9950654015625 0.21201044218749998 0.9530387265625 0.20404607968750002 0.9191277921875001 0.21875435781250002 0.9089250812499999 0.23964343906250002 0.9181897296875 0.25478364375 0.9569693031250001 0.2705960265625 0.9939845515625001 0.258448215625
0 0.2209267 0.4156794625 0.2334605671875 0.404004578125 0.2498314484375 0.362389009375 0.1983292796875 0.31078759375 0.1821223390625 0.30740720312500003 0.1758853953125 0.3241029359375 0.1792657703125 0.35840683125 0.1747234109375 0.38341159999999996 0.18440950625000002 0.40505051875 0.2209267 0.4156794625
0 0.47446062031249997 0.1311821484375 0.48699448749999996 0.11950726406250001 0.49472849218750004 0.081342475 0.4966558 0.0486863078125 0.48512876718750003 0.028362662500000003 0.4303485796875 0.021262159375 0.414700640625 0.0324419984375 0.391172346875 0.0914109375 0.39973165 0.1016152265625 0.47446062031249997 0.1311821484375
0 0.161720134375 0.0581506703125 0.15377980468750002 0.084223190625 0.1630444515625 0.0993633953125 0.210030659375 0.12291210781249999 0.229781915625 0.11560043281250001 0.230848728125 0.105318484375 0.2021607125 0.0074980375000000005 0.161720134375 0.0581506703125
