0 0.3282237375 0.47919862812499997 0.370182834375 0.46350989218749994 0.40093394531250004 0.4324747359375 0.413549034375 0.39450317031250004 0.38425388437499997 0.376566753125 0.3659224296875 0.3522446890625 0.34547705781250004 0.3481116125 0.26367278125000004 0.35930009687500003 0.2178246015625 0.3860037125 0.16738053125000002 0.3905932140625 0.1561008890625 0.3986211703125 0.15430292031249998 0.4171678484375 0.1336393203125 0.42336990781250006 0.12744089218750002 0.43718812500000004 0.1299228703125 0.4794912296875 0.1457267484375 0.5169517640625 0.1715692796875 0.525232790625 0.20397504375 0.5223997046875 0.2398334265625 0.5292220125 0.296791875 0.5091719875 0.3282237375 0.47919862812499997
0 0.40379049375 0.2106092 0.3812540078125 0.198944325 0.3288653953125 0.20904126562499997 0.30827670937499996 0.2516569390625 0.2519273578125 0.296143134375 0.2557447828125 0.30850262812499996 0.2937431390625 0.32720314687499996 0.3305982234375 0.3334449390625 0.3531347078125 0.3451098125 0.3945107671875 0.3370521078125 0.4250664484375 0.2886313 0.40379049375 0.2106092
0 0.43504647968750004 0.5219781234374999 0.43280879062500005 0.501407084375 0.411949759375 0.49022349062500004 0.38049183593749997 0.48812965 0.3558414359375 0.4966537625 0.34327194687499996 0.47918375312499994 0.32727589687499997 0.484125553125 0.27741811875 0.5408720125 0.3074689390625 0.5962838390625 0.33783244687499997 0.5902653671875 0.37774928750000003 0.57139124375 0.3918235953125 0.5442360953125001 0.417154746875 0.5367737781249999 0.43504647968750004 0.5219781234374999
0 0.19459434375 0.5803617984375 0.218443475 0.5898038515625 0.23344282500000002 0.585442565625 0.2405890953125 0.5666974203125 0.2203130984375 0.547882796875 0.185428615625 0.568200765625 0.19459434375 0.5803617984375
0 0.013596225 0.5841492671874999 0.0152829703125 0.6566187359375 0.021921034375000002 0.6590585515625 0.0388649265625 0.6491898218750001 0.0472749859375 0.623875446875 0.036965984375 0.5992556875 0.015377340625 0.5826638859375 0.013596225 0.5841492671874999
0 0.2729003890625 0.1687227875 0.2610116515625 0.1523145734375 0.2144566625 0.14588919375 0.15365799062500002 0.1813005109375 0.1414793640625 0.1986018078125 0.148602834375 0.207577453125 0.1834645203125 0.21498027031250003 0.21462929375 0.1909956328125 0.25919088437500004 0.198582040625 0.2718320296875 0.192677675 0.2729003890625 0.1687227875
0 0.582183428125 0.2539940671875 0.5803854609375 0.27254074687499996 0.6449559578125 0.3049304984375 0.671283809375 0.29688766875 0.669749671875 0.2496576359375 0.6418160265624999 0.23384481093749998 0.6009252875 0.22557866093749998 0.582183428125 0.2539940671875
0 0.873294621875 0.5671344796875 0.858513503125 0.56116063125 0.8201764 0.5718232109375 0.807584109375 0.5820739890625 0.8103071203125 0.5863211703125 0.7996105140624999 0.5867180984375 0.794359928125 0.5956093859375 0.7987603890625 0.6003378484375 0.7894252875000001 0.6028583671875001 0.7935098 0.6092291375000001 0.7440884875 0.6453053265625 0.744964671875 0.6637527750000001 0.777080546875 0.6946292 0.821130759375 0.6864722624999999 0.8362017671875 0.6587366 0.8701156093750001 0.6710663453125 0.8831899609375 0.5847037203125 0.873294621875 0.5671344796875
0 0.9891755375000001 0.7514447 0.9326210515625 0.7279915 0.8817144593749999 0.7211840703125 0.8795028281249999 0.73268023125 0.8904437250000001 0.7540153734375 0.9350313734375 0.7936689796875 0.9688474984375001 0.7973058984375 0.9841825125 0.7773986890625 0.9891755375000001 0.7514447
0 0.126724303125 0.2246951609375 0.09631193906249999 0.22636721718750002 0.09069654687499999 0.23255440312500003 0.0972858390625 0.25350749375000003 0.0941263671875 0.26993058125 0.08257963593749999 0.2839472609375 0.0761629765625 0.3081006109375 0.086957296875 0.3163965125 0.09969615937500001 0.31918497343749996 0.127336659375 0.30891931875 0.1366945578125 0.278678015625 0.1479253421875 0.266303646875 0.126724303125 0.2246951609375
0 0.52323158125 0.27520511875000003 0.5317165562499999 0.28630435468750004 0.562542584375 0.29168281406249996 0.568643296875 0.269171771875 0.564412209375 0.24976176093750002 0.5349965453125 0.2508533046875 0.52323158125 0.27520511875000003
