0 0.35625 0 0.3109375 0.0390625 0.3015625 0.05 0.303125 0.05625 0.3265625 0.0625 0.3796875 0.0921875 0.3984375 0.115625 0.4046875 0.14375 0.4296875 0.1515625 0.4484375 0.1703125 0.48125 0.184375 0.540625 0.1921875 0.6015625 0.1875 0.6515625 0.1546875 0.6578125 0.1421875 0.6703125 0.1546875 0.6859375 0.1546875 0.7109375 0.1296875 0.721875 0.109375 0.721875 0.0875 0.709375 0.0703125 0.6078125 0.0640625 0.596875 0.05625 0.5171875 0.04375 0.428125 0 0.35625 0
0 0.2640625 0.24140625 0.259375 0.19296875 0.25390625 0.1859375 0.178125 0.33359375 0.1796875 0.34609375 0.1875 0.34765625 0.21171875 0.3359375 0.2453125 0.29296875 0.2546875 0.25546875 0.2640625 0.24140625
0 0.40546875 0.4921875 0.36484375 0.49375 0.3265625 0.52109375 0.33046875 0.534375 0.38046875 0.553125 0.3953125 0.55234375 0.4046875 0.54765625 0.4125 0.52890625 0.4125 0.50078125 0.40546875 0.4921875
0 0.44140625 0.384375 0.41640625 0.38125 0.39609375 0.3921875 0.38515625 0.384375 0.35 0.38359375 0.3515625 0.39296875 0.38203125 0.41875 0.41796875 0.440625 0.4390625 0.44453125 0.46328125 0.4375 0.471875 0.42890625 0.4640625 0.40546875 0.44140625 0.384375
0 0.30859375 0.2640625 0.2984375 0.27578125 0.2984375 0.28671875 0.3234375 0.30546875 0.33203125 0.3234375 0.346875 0.32421875 0.359375 0.30390625 0.35 0.27734375 0.32578125 0.259375 0.30859375 0.2640625
0 0.31484375 0.3625 0.29140625 0.3703125 0.278125 0.38828125 0.2765625 0.40859375 0.29140625 0.41875 0.3046875 0.41796875 0.315625 0.41015625 0.3234375 0.39296875 0.325 0.36796875 0.31484375 0.3625
0 0.09921875 0.30625 0.0671875 0.32265625 0.0546875 0.38359375 0.05703125 0.3921875 0.065625 0.39296875 0.09921875 0.3828125 0.1265625 0.36171875 0.11875 0.32265625 0.09921875 0.30625
0 0.63203125 0.6359375 0.6234375 0.64921875 0.6390625 0.70234375 0.64765625 0.7109375 0.6671875 0.71328125 0.6828125 0.67578125 0.6796875 0.64453125 0.67109375 0.6375 0.63203125 0.6359375
0 0.2984375 0.78515625 0.31328125 0.796875 0.3515625 0.79921875 0.35 0.78671875 0.334375 0.76484375 0.30859375 0.7453125 0.2984375 0.78515625
0 0.90078125 0.8734375 0.87734375 0.875 0.865625 0.91484375 0.88671875 0.9265625 0.925 0.92890625 0.9359375 0.91796875 0.915625 0.89609375 0.909375 0.88046875 0.90078125 0.8734375
