0 0.6625 0.61484375 0.6828125 0.56484375 0.6828125 0.54453125 0.66015625 0.509375 0.62421875 0.5078125 0.55390625 0.446875 0.51484375 0.43125 0.48046875 0.428125 0.46171875 0.440625 0.41015625 0.45625 0.39375 0.48359375 0.384375 0.55703125 0.4 0.64453125 0.4328125 0.71953125 0.46953125 0.7625 0.50078125 0.7875 0.53359375 0.7953125 0.55390625 0.809375 0.5765625 0.81015625 0.609375 0.77890625 0.6375 0.73203125 0.6515625 0.69296875 0.6625 0.61484375
0 0.215625 0.37890625 0.2046875 0.35390625 0.18984375 0.3421875 0.17109375 0.34375 0.15234375 0.3609375 0.1109375 0.38203125 0.1109375 0.41953125 0.071875 0.52109375 0.0765625 0.57578125 0.1234375 0.65859375 0.15078125 0.675 0.1703125 0.67734375 0.228125 0.57421875 0.2578125 0.44609375 0.253125 0.41171875 0.215625 0.37890625
0 0.175 0.15859375 0.175 0.13828125 0.1875 0.10546875 0.1828125 0.07890625 0.16171875 0.06875 0.12578125 0.0375 0.05234375 0.1140625 0.02578125 0.1203125 0.0171875 0.13359375 0.0078125 0.16171875 0.0125 0.19453125 0.0546875 0.22890625 0.08671875 0.2125 0.11171875 0.2125 0.13046875 0.2046875 0.175 0.15859375
0 0.42890625 0.8546875 0.37578125 0.8375 0.3390625 0.86328125 0.3234375 0.89296875 0.35859375 0.93125 0.384375 0.94140625 0.44453125 0.9125 0.4515625 0.90078125 0.4515625 0.87734375 0.42890625 0.8546875
0 0.4265625 0.71953125 0.39296875 0.640625 0.35078125 0.61875 0.30859375 0.6125 0.2953125 0.62578125 0.2921875 0.64296875 0.303125 0.69609375 0.3015625 0.72890625 0.3109375 0.75859375 0.32578125 0.784375 0.3875 0.79921875 0.45078125 0.7921875 0.4578125 0.78203125 0.459375 0.76171875 0.4265625 0.71953125
0 0.87421875 0.4828125 0.83515625 0.5 0.8265625 0.52109375 0.840625 0.57734375 0.865625 0.58828125 0.91015625 0.58125 0.940625 0.56171875 0.9296875 0.53984375 0.87421875 0.4828125
0 0.41015625 0.9609375 0.3765625 0.97734375 0.3828125 0.98515625 0.3765625 0.98671875 0.37734375 1 0.590625 0.99921875 0.578125 0.96171875 0.56640625 0.9453125 0.45390625 0.95 0.41015625 0.9609375
0 0.23515625 0.303125 0.16640625 0.2796875 0.121875 0.28671875 0.1125 0.31484375 0.12421875 0.3359375 0.15546875 0.353125 0.17421875 0.3421875 0.19296875 0.3421875 0.2078125 0.35703125 0.215625 0.37734375 0.221875 0.37890625 0.23515625 0.3765625 0.25625 0.35546875 0.2453125 0.31484375 0.23515625 0.303125
0 0.61171875 0.371875 0.5953125 0.38671875 0.5765625 0.41796875 0.57734375 0.440625 0.59765625 0.4515625 0.6171875 0.45078125 0.67109375 0.4375 0.684375 0.42734375 0.65703125 0.3796875 0.61171875 0.371875
0 0.80234375 0.6140625 0.759375 0.67734375 0.753125 0.71171875 0.7640625 0.71484375 0.82109375 0.684375 0.8515625 0.65546875 0.8625 0.62890625 0.80234375 0.6140625
0 0.84453125 0.865625 0.82265625 0.859375 0.809375 0.87109375 0.8 0.91171875 0.825 0.96015625 0.8484375 0.97421875 0.8546875 0.97109375 0.8625 0.94921875 0.8640625 0.89609375 0.84453125 0.865625
0 0.59453125 0.16875 0.56953125 0.16875 0.55 0.18203125 0.5453125 0.21953125 0.55859375 0.2296875 0.6015625 0.23828125 0.64375 0.17890625 0.64453125 0.1625 0.62734375 0.159375 0.59453125 0.16875
0 0.94765625 0.340625 0.88671875 0.328125 0.878125 0.33828125 0.8609375 0.41640625 0.87421875 0.4265625 0.9125 0.42734375 0.94453125 0.4234375 0.9625 0.40859375 0.9609375 0.35390625 0.94765625 0.340625
0 0.84375 0.10703125 0.828125 0.15703125 0.83828125 0.175 0.8484375 0.17421875 0.9390625 0.12890625 0.88359375 0.0984375 0.85703125 0.0953125 0.84375 0.10703125
