0 0.8573721781250001 0.4555314484375 0.8453303265625 0.4711221421875 0.8624317046875 0.49106066875 0.8867318421875 0.49711209062500006 0.9595663859375 0.5039346328125001 0.9643341921875 0.4892805046875 0.9634172234375 0.47067822968749995 0.9503548890625 0.449859653125 0.9365637953125001 0.442815153125 0.8735001234374999 0.4471547953125 0.8573721781250001 0.4555314484375
0 1 0.672136465625 0.98548926875 0.6499996546875 0.9657687296875 0.5969177515624999 0.9519682234375001 0.5882544359375 0.9374389578125 0.593365196875 0.9253971046875 0.6089558875 0.9254817984375 0.623525246875 0.947073915625 0.720286971875 0.957648834375 0.7306256171875 0.96735383125 0.7304560796875 1 0.6998917640625 1 0.672136465625
0 0.433309084375 0.2759471015625 0.4730930984375 0.30196530781250003 0.49898250624999996 0.3031320203125 0.5070135453125 0.2932778296875 0.547356934375 0.276383240625 0.5537704734375 0.26655730625 0.5488615109375 0.25692917187500003 0.49854963124999996 0.22866640624999998 0.4613094953125 0.2228410375 0.4444245546875 0.24013531562499998 0.433309084375 0.2759471015625
0 0.8133556656250001 0.257975084375 0.782971353125 0.3184082125 0.783074865625 0.33621520781249997 0.798539921875 0.3529443546875 0.8106758765625001 0.3535418390625 0.8108358515624999 0.3810617390625 0.8012061359375 0.3941818203125 0.8085554640625 0.4061957984375 0.8280031015624999 0.4123319890625 0.8440275328125001 0.38614834062500003 0.8569769421875 0.38754110625 0.86260525625 0.381776346875 0.8688023546875 0.334717609375 0.8936054078125 0.2881433296875 0.8886776265625 0.2752775578125 0.8628070390625 0.2773484796875 0.8603102109374999 0.26524973281249997 0.84650970625 0.256586415625 0.8133556656250001 0.257975084375
0 0.619697975 0.3374503015625 0.6091795203125 0.3368245609375 0.60032561875 0.344264653125 0.6101341312499999 0.36190210624999997 0.603748825 0.37658449374999997 0.6056109937499999 0.41864549687499997 0.6236858015625 0.46689920156250003 0.6367293140625 0.48448014375000004 0.6303440078125 0.4991625296875 0.6368986999999999 0.5136188609375 0.652297884375 0.5190162875000001 0.690901440625 0.48110532343749995 0.691630203125 0.4673312453125 0.6834580124999999 0.45290316875 0.6361835140625 0.39058872031249997 0.6214283984375 0.3568478578125 0.619697975 0.3374503015625
0 0.7057830593750001 0.397467775 0.7042314296875001 0.40882775625 0.750824215625 0.49301037187499996 0.774188565625 0.4772218828125 0.7788905015625 0.45123603125 0.7877444031249999 0.443795940625 0.7819278828125 0.41718434687499995 0.7428914484375 0.3806296984375 0.747621615625 0.35950029843750003 0.740338159375 0.35881804375000004 0.7057830593750001 0.397467775
0 0.6173245609375 0.6248610796875 0.5923709421875001 0.6455342765625 0.5859574046875 0.6553602093750001 0.5876595984375 0.6699013109374999 0.6365139546874999 0.7257122328125 0.662657440625 0.7705870234375001 0.6781130875 0.7856973515625 0.7284437890625 0.8171977531250001 0.7737902437499999 0.8261194734374999 0.781840103125 0.819502921875 0.7793338656250001 0.80578535625 0.7565759437499999 0.786755134375 0.7091979328125 0.7066336921875 0.643166915625 0.6179337046875 0.6173245609375 0.6248610796875
0 0.48217392812500004 0.6118417359375 0.47915536718749996 0.6491310546875 0.49256588125 0.729845884375 0.5209709375 0.7463489796875 0.56949593125 0.745501284375 0.5783592453125 0.7396800109375 0.587128453125 0.717670559375 0.5878572156249999 0.7038964828125 0.54386476875 0.649619609375 0.5224326265625 0.5803777859375 0.5037419828125 0.5653239671875 0.48217392812500004 0.6118417359375
0 0.42074765625 0.89785565 0.40952867187499997 0.9158604390624999 0.4134942265625 0.9603131703125 0.5355898984375 0.958180246875 0.542389503125 0.9523950265625001 0.5736437343749999 0.9024700843750001 0.55956091875 0.8452422374999999 0.537503528125 0.8075814859375001 0.50510648125 0.8000525296875001 0.45822721718750004 0.8057284234375001 0.4221110765625 0.8541193171874999 0.42074765625 0.89785565
0 0.1942348984375 0.47359191093749997 0.17088936875 0.49261803593750003 0.1693189203125 0.50074038125 0.1832135296875 0.525591875 0.2205289484375 0.544367784375 0.25456231875 0.555106121875 0.286921725 0.5561598078125 0.294158128125 0.5487479734375 0.3107325265625 0.47803271093750005 0.3114612875 0.46425863125 0.30090519375 0.45715762031249996 0.27179960625 0.45928505625 0.233045484375 0.4712949359375 0.1942348984375 0.47359191093749997
0 0.70247578125 0 0.7067689875000001 0.010513840625 0.7693015140624999 0.053943450000000004 0.8727744484375 0.044040940625000004 0.8807678453125 0.027711481249999996 0.87965129375 0 0.70247578125 0
0 0.1804563109375 0.9643841765625 0.15159861875 0.930889678125 0.1346289859375 0.9336145984374999 0.1311930015625 0.965244771875 0.1804563109375 0.9643841765625
0 0.6242410109375001 0.56240944375 0.6227646671875 0.5867199656250001 0.64310104375 0.6066019796875 0.7030144093749999 0.6168882109375 0.7126064828125 0.597292859375 0.7066299890625001 0.5431613671875 0.7009358015625 0.5375944015624999 0.65398125625 0.530319753125 0.6500174953125 0.544150346875 0.6242410109375001 0.56240944375
0 1 0.9080008734374999 0.9689201140625 0.860756771875 0.9453393265625 0.8393124562500001 0.9243118296875 0.8396797921875001 0.8832302656250001 0.8687296421875 0.8833526015625001 0.8897742718749999 0.8972114703124999 0.9281336625 1 0.91914083125 1 0.9080008734374999
