0 0.5853845390625 0.6581589578125 0.54948986875 0.627922278125 0.505633559375 0.6135687234375 0.4649699046875 0.617765490625 0.464079803125 0.6504197453125 0.4517569234375 0.6760868296875 0.45866767187499996 0.6955262125 0.51122338125 0.7622272734375 0.5590331953125001 0.7914463625 0.589366490625 0.8335000578124999 0.6024386796875 0.8401058984375 0.620032903125 0.8342595312500001 0.6363408296874999 0.8497592031250001 0.65197406875 0.8496306765625 0.68868421875 0.8305683734375 0.714122375 0.8018506421874999 0.7081332640625 0.7760582203124999 0.6887503890625 0.7489964640625 0.676246725 0.7150728749999999 0.6286407828125 0.6735290390625 0.5853845390625 0.6581589578125
0 0.3048532453125 0.6997336046875 0.3060849125 0.7240017640625 0.34237578125 0.7655466625 0.3913541859375 0.7664314765625 0.4605940234375 0.7976815 0.469712709375 0.7894218046875 0.4667670078125 0.7488902484375 0.45322399999999996 0.7143314625 0.45199232968749997 0.6900633 0.42325536250000007 0.6572847687500001 0.36388352031250004 0.650047978125 0.3048532453125 0.6997336046875
0 0.568307309375 0.548127434375 0.550991578125 0.55829378125 0.5517839703125 0.580910215625 0.5662486171875 0.609115965625 0.58671391875 0.6271564281249999 0.5775521515625 0.6450726125 0.590302765625 0.657014965625 0.6671826671875001 0.6777183671875 0.7013433124999999 0.6294327265625 0.680160240625 0.6054205578125 0.6424653734375 0.5782334640625 0.6107596171874999 0.576838790625 0.5908943828125001 0.5577818 0.568307309375 0.548127434375
0 0.7456904328125 0.73399815 0.741780009375 0.7094761234375 0.7300687375 0.69816896875 0.7095172703125 0.6994414890625 0.7031519578125 0.7245997765625 0.739528990625 0.74683169375 0.7456904328125 0.73399815
0 0.84087923125 0.8890012390625 0.8555908296875 0.89522575 0.89921173125 0.8956028328125001 0.9081380890625 0.8637101765624999 0.906102484375 0.8527832906249999 0.888433640625 0.8419849296875 0.8613245375 0.844782775 0.8445657890625 0.8635890859375 0.84087923125 0.8890012390625
0 0.3352380734375 0.8303474421875 0.3266763703125 0.8472471 0.34509452343749997 0.8903183828125 0.40849449375 0.9290654375 0.43036379374999995 0.9327480953125 0.4347250390625 0.922964140625 0.42326071875000004 0.8896757484375 0.38552277031250004 0.8721451453125001 0.36918330625 0.8303442546875001 0.35731124531249997 0.8217053562500001 0.3352380734375 0.8303474421875
0 0.2511320359375 0.5271924734375 0.268726259375 0.52134610625 0.2642703984375 0.45222640937499997 0.24336581875 0.43253422031250005 0.20173744062500001 0.45274051562500006 0.2020474703125 0.4833617140625 0.21586896875 0.5222404843749999 0.2511320359375 0.5271924734375
0 0.38115699531249997 0.14879845 0.38347109218750003 0.164045315625 0.41296891562500004 0.1931390671875 0.42871985781250005 0.1999987734375 0.43112011875 0.1959326609375 0.43703460781250003 0.2050803578125 0.44774961874999997 0.20609582343750002 0.44971060312500005 0.2003779828125 0.45682522031249995 0.2074926203125 0.4604256125 0.201393446875 0.5185111625000001 0.22997627656250003 0.5346267609375001 0.221842984375 0.545674890625 0.1815642328125 0.5154593000000001 0.146498775 0.4827141984375 0.14446890625 0.47616810625 0.11003652187499999 0.3917973859375 0.1331691890625 0.38115699531249997 0.14879845
0 0.4901512125 0 0.49482476249999996 0.0329099328125 0.5151608140625 0.07991986718750001 0.526636678125 0.07725055 0.5401166078124999 0.059206901562500004 0.5525687390625 0.0045703453125 0.5504513078125 0 0.4901512125 0
0 0.4614694859375 0.9351592953125 0.4787736734375 0.9609506578125 0.487249209375 0.9633639828125 0.5026470421875 0.949258984375 0.5190411328125 0.9454456734375001 0.5376316171875 0.9498909937500001 0.5626620328125 0.9458227546875 0.5645053124999999 0.933116678125 0.5603910187500001 0.920919396875 0.5368076859375 0.900973340625 0.5047803562500001 0.9049151796875 0.48782928124999997 0.9000885265624999 0.4614694859375 0.9351592953125
0 0.30081666875 0.5700067046874999 0.30637804375 0.5581896921875 0.29519221406249996 0.52922128125 0.27180120625000004 0.5329081890625 0.2565641640625 0.544344934375 0.27282900625 0.5695010968750001 0.30081666875 0.5700067046874999
