0 0.229913275 0.5883876921875 0.1911939015625 0.5749305203125 0.147783621875 0.6077240265625 0.11123854375 0.6662231609375 0.1723797140625 0.6943724640625 0.21349413125 0.69617434375 0.2502983578125 0.6302795531250001 0.2521994203125 0.6121052328125 0.229913275 0.5883876921875
0 0.362482225 0.747990634375 0.3771743515625 0.725568834375 0.38070517187499997 0.7072710171875001 0.40969462968750003 0.6788484859375 0.410607728125 0.6476361093749999 0.39269255468750003 0.638339390625 0.336910325 0.6376489703125 0.3137232375 0.6344886375 0.306463234375 0.6252040765625 0.2985614390625 0.6290810687499999 0.28425195312499996 0.6457369703125 0.2782025921875 0.6740603203125 0.22486596093750003 0.7272753843750001 0.2156927375 0.7468203109375 0.218298303125 0.77039004375 0.2365839609375 0.784576034375 0.2869829390625 0.7791179125000001 0.3461724953125 0.759880759375 0.362482225 0.747990634375
0 0.3270019 0.9719597140625 0.3140124734375 0.9303270015624999 0.2782307578125 0.8691128875 0.25493233125 0.853667628125 0.2235599859375 0.8830902828125 0.22335139062499998 0.9560467109375 0.22346272812499998 0.9683316390625001 0.23473537812499998 0.9764925812499999 0.28175134375 0.96965169375 0.301925909375 0.9763185328124999 0.3270019 0.9719597140625
0 0.2150144734375 0.7919473734375 0.210137359375 0.7816626921875 0.1920865359375 0.7813913875 0.16459118281250001 0.818715834375 0.14947993906249998 0.8788690406249999 0.131380484375 0.9212184140625 0.129220275 0.9467883890625 0.13660377343750002 0.9577027078125001 0.16781615156250002 0.9586158046875 0.1866444203125 0.9367001453125001 0.21168201718750002 0.8561253828125001 0.2150144734375 0.7919473734375
0 0.7118331953125 0.8698583187500001 0.7493054531250001 0.877673090625 0.7432804078124999 0.8846861015625 0.750157765625 0.8997365593750001 0.7674797718749999 0.8795741515625 0.7641089203125 0.8675362156249999 0.755207003125 0.869030321875 0.7555026218750001 0.8296691578125 0.734660028125 0.7492927578125 0.72664689375 0.740884825 0.69205150625 0.7385889609375 0.669852384375 0.7484666859375 0.6487525640625 0.7836673953125 0.6122439578125001 0.81020101875 0.603823865625 0.828869321875 0.6183438703124999 0.8474384453124999 0.644025184375 0.8618835812500001 0.689806196875 0.8387451234375 0.6933005453125001 0.852412815625 0.7118331953125 0.8698583187500001
0 0.4620247578125 0.958450065625 0.4614072796875 0.950301278125 0.4311079984375 0.9181758015625 0.4156000296875 0.886568625 0.39030135781249997 0.8663575874999999 0.3755970734375 0.8994345578124999 0.376054584375 0.9379190953125001 0.3759189328125 0.9469445078125001 0.392957478125 0.9554880953125 0.407218334375 0.9814528703125 0.4365539640625 0.97922995 0.4620247578125 0.958450065625
0 0.377842384375 0.7992783953125 0.3482719203125 0.7875866328125001 0.32456653593749996 0.7992176093750001 0.3053556234375 0.8268991671875 0.3494217765625 0.878470390625 0.36733695 0.8877671078124999 0.370262446875 0.8506653359374999 0.3839666109375 0.8152054796874999 0.377842384375 0.7992783953125
0 0.7859964171875 0.6913119203125 0.7973055359375001 0.6675073546875 0.796712371875 0.6380482296875 0.7956009125 0.623380415625 0.7855875343750001 0.6102067046874999 0.763017925 0.61519515625 0.7404361578125 0.63083878125 0.7212009296875 0.6798306765625 0.7190407203125 0.7054006515625 0.7331659234375 0.7403908421875001 0.77413253125 0.7618733046874999 0.7888125031250001 0.750106675 0.793108609375 0.7202770625 0.7859964171875 0.6913119203125
0 0.74645543125 0.299281409375 0.7473199 0.31068971093750003 0.7909163859375 0.3344315671875 0.8091514906249999 0.28305678125 0.844190309375 0.2263109 0.8428804859374999 0.165762890625 0.7900237531250001 0.1279707 0.7719729296875 0.12769939375 0.752786328125 0.1340706140625 0.72831565625 0.1572333859375 0.720389546875 0.18242071875000002 0.7206243812500001 0.1963354015625 0.74302186875 0.2323378703125 0.75388755625 0.26757505 0.75749324375 0.29352766875 0.74645543125 0.299281409375
0 0.7552722484375 0.37237349375 0.7427019328125 0.2930093734375 0.7186625328125 0.267785571875 0.7052539890625 0.2638842625 0.69258641875 0.2697615 0.670757784375 0.28452849687500004 0.6528061390625 0.3071972859375 0.6526704875 0.3162226984375 0.6923535109375 0.36402826875 0.6996013546875 0.3839679984375 0.7276777125 0.3867578453125 0.7552722484375 0.37237349375
0 0.579395984375 0 0.5799431171875 0.00538443125 0.6117729734374999 0.014446314062500002 0.61987313125 0.0564495140625 0.649678428125 0.082055959375 0.688731815625 0.13236791406249998 0.711548415625 0.130638975 0.7553899687500001 0.0494588921875 0.7616863203124999 0.0243950546875 0.752179084375 0.007085204687500001 0.7622046171875 0.0096037453125 0.7600819484375 0 0.579395984375 0
