0 0.7684381703125001 0.5173104453125 0.7556949546875 0.4883744890625 0.7153331765625001 0.47771010468749997 0.6954869828125 0.485120365625 0.6862797609375 0.510180775 0.7067023734375 0.536514671875 0.7495154859375 0.5559474984375 0.766817375 0.5480280468750001 0.7684381703125001 0.5173104453125
0 0.4421567125 0.19488115625 0.42455421718749997 0.20118834843750003 0.43905458125 0.24392748281249998 0.47585247343750003 0.2880247953125 0.49454272968749996 0.2700358765625 0.48818351875 0.2403080765625 0.46759975625 0.1999730421875 0.4421567125 0.19488115625
0 0.7496270609375 0.20623030468749998 0.7322569953125 0.191889365625 0.6865741796875 0.2008547359375 0.6726719250000001 0.218249775 0.67648683125 0.24746838593749998 0.6855762890625 0.26118686874999997 0.7227460671875 0.272247175 0.7365088625 0.2672410140625 0.7496270609375 0.20623030468749998
0 0.6375413156249999 0.1393052328125 0.6176734296874999 0.12032547812500001 0.5998168109375001 0.120890784375 0.5882512281250001 0.12892350156250001 0.5820283749999999 0.1437164796875 0.5964357671875 0.1947148671875 0.6363822765625 0.1856362296875 0.6435999203125 0.16742077500000002 0.6375413156249999 0.1393052328125
0 0.26240670625 0.7021424703125 0.22947020624999998 0.6831341390625 0.2173034109375 0.687942340625 0.209391584375 0.71119253125 0.211309884375 0.7389968437500001 0.22243540624999997 0.7417407468749999 0.256738578125 0.724289590625 0.2648580390625 0.710910909375 0.26240670625 0.7021424703125
0 0.7202961703125 1 0.7778652421875 0.992859403125 0.779052334375 0.9902378453124999 0.775999790625 0.978244890625 0.7710506359375 0.964837634375 0.7549294796875 0.9528161015625001 0.6673570625 0.9735754343749999 0.661828390625 0.9833336796875001 0.66267194375 1 0.7202961703125 1
0 0.50986434375 0.0982324109375 0.5179156265625 0.0625933421875 0.5139612640625 0.045763609375 0.5029751984375 0.0306308265625 0.4722576046875 0.041039070312499995 0.4619409296875 0.051391193749999994 0.4590712265625 0.07978938906250001 0.47720365468750003 0.11135598124999999 0.5008430640625 0.1067743171875 0.50986434375 0.0982324109375
0 0.9095432499999999 0.32825585 0.92603629375 0.3072403734375 0.924186171875 0.30169644687499997 0.91764101875 0.288487153125 0.89293864375 0.27423090625 0.8648118390624999 0.2810187109375 0.8522049812500001 0.29660353125 0.8614091015625001 0.328452778125 0.8849090531250001 0.336259990625 0.9095432499999999 0.32825585
0 0.9802011374999999 0.8473458921875 0.9607733125 0.8175895171875001 0.9443515484375 0.8039557265624999 0.9354697265624999 0.8001087546875001 0.909887225 0.8074057484375 0.9177959515625 0.8410652125 0.9445095968749999 0.8748665203125 0.9704391890625 0.865052159375 0.9802011374999999 0.8473458921875
0 0.254231471875 0.4656221359375 0.24199649843749999 0.4481699453125 0.21599872812499998 0.43572391718750003 0.1964531390625 0.4447464375 0.1886342828125 0.459737375 0.2020251953125 0.48776822343750004 0.22422975312500001 0.4973856578125 0.245371340625 0.48816517812500004 0.254231471875 0.4656221359375
0 0.5369467718750001 0.1559063671875 0.5563745953125 0.185662740625 0.5659506000000001 0.184474978125 0.57437066875 0.17270855624999998 0.57964521875 0.157208428125 0.57629206875 0.1436032109375 0.5604250296875 0.1373235640625 0.5369467718750001 0.1559063671875
0 0.983396253125 0.36528270625000003 0.9738202484375 0.36647046875 0.9595244171875 0.3905125015625 0.965028296875 0.41127389843750006 0.9881346703125 0.42572810624999996 0.9994734031249999 0.4208576609375 0.9902974078125 0.3716434734375 0.983396253125 0.36528270625000003
0 0.9637638953125001 0.2687451625 0.9416275187500001 0.281388121875 0.9318190843749999 0.3032240140625 0.941509753125 0.320167015625 0.9640149156250001 0.33139670468750004 0.9828010468749999 0.33143778125 0.9718477171875 0.2726911171875 0.9637638953125001 0.2687451625
0 0.9242512484375001 0.38086649375000003 0.9482377484375 0.3737674609375 0.9438681156250001 0.3371947078125 0.9280940484375 0.32265580781250003 0.906211790625 0.34104064843750004 0.907528878125 0.36562044375 0.9242512484375001 0.38086649375000003
0 0.311324909375 0.745561209375 0.2904622328125 0.73000393125 0.275404040625 0.7368203109375 0.2658962125 0.7602684640625 0.27299609375 0.7808319 0.289811434375 0.787818696875 0.3124560515625 0.7866595109375 0.3163887234375 0.7770992265625 0.311324909375 0.745561209375
