0 0.1507919140625 0.40546085156249995 0.16754009375 0.3929733296875 0.157354403125 0.3687362875 0.13568055 0.3565194625 0.0670608296875 0.3311882484375 0.057688645312499995 0.34459185312499996 0.0525683953125 0.363379409375 0.05854208125 0.38746685937500003 0.0696759515625 0.3980011109375 0.13240184531250002 0.409713590625 0.1507919140625 0.40546085156249995
0 0.11747997031249999 0.24761660624999998 0.1342281484375 0.2351290859375 0.13885434375 0.22057574687499998 0.1491296953125 0.1185712984375 0.14218786249999998 0.10556946250000002 0.132695884375 0.10326999218749999 0.0855155171875 0.12841315 0.0820171921875 0.15281830937500002 0.0890588546875 0.1789060421875 0.09108009218749999 0.2368672234375 0.10169993906250001 0.2490185125 0.11747997031249999 0.24761660624999998
0 0.5051144062499999 0.692447265625 0.47483685781249996 0.6563766421875 0.450038940625 0.648627684375 0.43904483125000004 0.6564136859375 0.394354709375 0.6630029375000001 0.3849425921875 0.671172184375 0.386604453125 0.6820241453125 0.42639394062499997 0.7230114171875 0.46072376562499995 0.7382942031249999 0.48273195312499995 0.7253393796875 0.5051144062499999 0.692447265625
0 0.12974715312500001 0.613703959375 0.17882388437500002 0.56115521875 0.1844781234375 0.54336780625 0.17484638749999998 0.5227480812499999 0.16323842500000002 0.5190652265625 0.1719767953125 0.49157558593750006 0.18558094687499999 0.48093875468749997 0.182317128125 0.4670863703125 0.165389259375 0.456019278125 0.1413449515625 0.47805943125 0.129203003125 0.473376434375 0.121866940625 0.47769470781249995 0.10063232656250001 0.523055821875 0.0614617671875 0.5632010984375 0.06209558281250001 0.5772871359375 0.0879215421875 0.5818020171875 0.0864393734375 0.5945046671875 0.097059221875 0.6066559578125 0.12974715312500001 0.613703959375
0 0.3437457140625 0.5836925859375001 0.353771678125 0.586992196875 0.36478575625 0.581823375 0.3609480171875 0.5617364890625 0.371902196875 0.54871613125 0.383684765625 0.5062899062499999 0.38170346093749996 0.4535630796875 0.374701728125 0.43270970625 0.385655909375 0.4196893453125 0.38395411875 0.40360302656249997 0.3707242328125 0.39430256875 0.320933825 0.42229655624999995 0.31577364375 0.435849753125 0.3190574265625 0.45231931718749996 0.34488846875 0.5264978921875 0.3483319796875 0.5639048890625 0.3437457140625 0.5836925859375001
0 0.27943274218749997 0.5019331703125001 0.284612890625 0.49099715 0.266512140625 0.395180190625 0.2386899890625 0.404984996875 0.225719653125 0.4297078640625 0.21470557656249997 0.4348766859375 0.2117612046875 0.462899165625 0.2379066125 0.5092889125 0.2264783421875 0.5291606671875 0.23334031562500002 0.5316937875 0.27943274218749997 0.5019331703125001
0 0.4389395609375 0.2976265078125 0.469885771875 0.2833538328125 0.4792978875 0.27518458749999997 0.4823420859375 0.2602480015625 0.45287296093749996 0.1921543328125 0.4419536296875 0.140745359375 0.4318078734375 0.121742675 0.393046425 0.0775213265625 0.3518346625 0.057088239062500004 0.34186859531249997 0.061640165625 0.3398724046875 0.0759598546875 0.355852090625 0.10072973593750001 0.3760288953125 0.192695725 0.4115715328125 0.297962740625 0.4389395609375 0.2976265078125
0 0.566153034375 0.34498932187500003 0.5811395265625 0.3085639421875 0.5941846421875 0.2246460984375 0.5718969375 0.2009604171875 0.5244370515625 0.1894630671875 0.5139369968749999 0.1930148515625 0.4982967234375 0.2127370140625 0.4931365421875 0.2262902109375 0.5183737015625 0.29161710625000004 0.5168367171875 0.3661319125 0.530146465625 0.3859010875 0.566153034375 0.34498932187500003
0 0.6065386 0 0.5711331656249999 0.031843921875 0.5663323609375001 0.0925063421875 0.5756098015625 0.135680534375 0.604679615625 0.151430621875 0.65209956875 0.1576936125 0.7028581234375 0.1186140125 0.71831870625 0.075337240625 0.7350469171875 0.060232540625 0.7428817859375 0.026428559375 0.6337873953125001 0 0.6065386 0
0 0.8014664328125001 0.5561231390625 0.8303166265625 0.5430842578124999 0.83446873125 0.5353823140625 0.8289891 0.5070606484375 0.7987714484375 0.4788415625 0.76914768125 0.45947415312500006 0.7380217796874999 0.450192215625 0.7285896984375 0.455744284375 0.68961879375 0.5220613515625 0.6844586109375 0.53561455 0.692428490625 0.5453823109375 0.7214184421875001 0.5506636828125 0.762984503125 0.5485422984375 0.8014664328125001 0.5561231390625
0 0 0.8948824828124999 0.143835596875 0.9297272375000001 0.15460532656249998 0.9053420453125 0.1534175609375 0.8876386875 0.1066463046875 0.8284152203125 0.0028284421875 0.81197273125 0 0.8150621125 0 0.8948824828124999
0 0.9907164484375001 0.1108493703125 0.9926563703125 0.1110277734375 0.9939030624999999 0.087239478125 0.9792254234375 0.083683759375 0.9907164484375001 0.1108493703125
0 0.4120307421875 0.3581578546875 0.42132306406250003 0.3342855359375 0.40797338125 0.3092820015625 0.35303767656249996 0.2837826765625 0.3373774375 0.30088765781250004 0.3256946953125 0.356399778125 0.3294326078125 0.363400765625 0.3727403875 0.3826000578125 0.3810645625 0.3698133515625 0.4120307421875 0.3581578546875
