0 0.26796875 0.584375 0.21015625 0.5359375 0.18984375 0.528125 0.146875 0.56796875 0.1421875 0.58359375 0.1640625 0.62109375 0.1953125 0.69921875 0.24140625 0.7234375 0.2625 0.72265625 0.31953125 0.7109375 0.3359375 0.68359375 0.3359375 0.65390625 0.26796875 0.584375
0 0.9125 0.42734375 0.8984375 0.41171875 0.89375 0.39609375 0.87578125 0.38125 0.84140625 0.3859375 0.80859375 0.4015625 0.7890625 0.42265625 0.78125 0.44296875 0.7828125 0.46015625 0.7984375 0.48359375 0.7984375 0.49921875 0.82890625 0.5234375 0.8421875 0.52578125 0.88671875 0.5203125 0.9265625 0.48671875 0.9265625 0.46328125 0.9125 0.42734375
0 0.59296875 0.83125 0.56640625 0.840625 0.5609375 0.84921875 0.5578125 0.90234375 0.56640625 0.9109375 0.58125 0.91171875 0.61640625 0.9015625 0.6265625 0.88828125 0.6203125 0.84921875 0.59296875 0.83125
0 0.24375 0.28203125 0.25078125 0.290625 0.2984375 0.29921875 0.3109375 0.29140625 0.30078125 0.2546875 0.246875 0.25703125 0.24375 0.28203125
0 0.21640625 0.3265625 0.2015625 0.34765625 0.203125 0.36015625 0.21640625 0.3859375 0.24375 0.38515625 0.2578125 0.37578125 0.26875 0.34765625 0.24921875 0.33125 0.21640625 0.3265625
0 0.10078125 0.1671875 0.0859375 0.19296875 0.09140625 0.203125 0.1390625 0.20390625 0.14765625 0.2015625 0.1484375 0.19453125 0.12265625 0.1578125 0.10078125 0.1671875
0 1 0.12890625 0.95234375 0.1078125 0.94375 0.12109375 0.9453125 0.13046875 0.97421875 0.14375 0.97890625 0.1609375 1 0.16171875 1 0.12890625
0 0.36953125 0.2171875 0.34140625 0.2140625 0.3015625 0.23828125 0.3046875 0.25703125 0.3375 0.27421875 0.35703125 0.26875 0.3703125 0.25703125 0.3765625 0.22734375 0.36953125 0.2171875
0 0.85703125 0.7671875 0.84453125 0.765625 0.83203125 0.7796875 0.80703125 0.7875 0.8015625 0.79453125 0.8 0.80546875 0.8296875 0.83359375 0.86015625 0.8265625 0.8796875 0.81015625 0.8734375 0.78671875 0.85703125 0.7671875
0 0.63671875 0.6515625 0.63046875 0.6515625 0.62578125 0.66875 0.60078125 0.6734375 0.5890625 0.69140625 0.59921875 0.69375 0.603125 0.70859375 0.61640625 0.71875 0.640625 0.72109375 0.65 0.71640625 0.65625 0.69921875 0.6546875 0.67109375 0.63671875 0.6515625
0 0.38203125 0.95 0.353125 0.96640625 0.38515625 0.9984375 0.396875 0.99765625 0.4421875 0.96953125 0.41640625 0.91875 0.40859375 0.9203125 0.38203125 0.95
