0 0.37734375 0.1859375 0.396875 0.16640625 0.37734375 0.1421875 0.34296875 0.1265625 0.32109375 0.13125 0.3171875 0.14921875 0.30390625 0.153125 0.18828125 0.1515625 0.14140625 0.1578125 0.125 0.16640625 0.1171875 0.20703125 0.12265625 0.2203125 0.17109375 0.2296875 0.21796875 0.225 0.2703125 0.23046875 0.31015625 0.2234375 0.32578125 0.1953125 0.34296875 0.196875 0.37734375 0.1859375
0 0.2515625 0.50703125 0.2453125 0.48984375 0.22578125 0.4703125 0.20078125 0.4625 0.16953125 0.4640625 0.1390625 0.49921875 0.11875 0.54609375 0.13046875 0.55625 0.16171875 0.5515625 0.17890625 0.5640625 0.2 0.56640625 0.2203125 0.55859375 0.225 0.53828125 0.246875 0.52109375 0.2515625 0.50703125
0 0.38203125 0.7 0.30546875 0.696875 0.259375 0.71796875 0.28515625 0.721875 0.2875 0.72734375 0.278125 0.73828125 0.29453125 0.7546875 0.3265625 0.76796875 0.34453125 0.759375 0.3578125 0.73984375 0.396875 0.70703125 0.38203125 0.7
0 0.12734375 0.8671875 0.0859375 0.91484375 0.0875 0.93203125 0.096875 0.93828125 0.09375 0.95078125 0.1828125 0.96953125 0.190625 0.94296875 0.1828125 0.93359375 0.1765625 0.90390625 0.12734375 0.8671875
0 0.50390625 0.4015625 0.4953125 0.43046875 0.5046875 0.44921875 0.51015625 0.4546875 0.5453125 0.45390625 0.57265625 0.45 0.575 0.42421875 0.55546875 0.4125 0.50390625 0.4015625
0 0.06796875 0.0640625 0.075 0.09453125 0.09140625 0.1078125 0.1 0.10703125 0.13125 0.09453125 0.13125 0.07109375 0.11484375 0.059375 0.06796875 0.0640625
0 0.10234375 0.1125 0.0546875 0.11640625 0.05859375 0.1453125 0.09375 0.14765625 0.13359375 0.134375 0.1375 0.12265625 0.12734375 0.115625 0.10234375 0.1125
0 0.61796875 0 0.5875 0.00234375 0.59609375 0.0484375 0.6609375 0.05703125 0.6671875 0.04609375 0.6609375 0.02578125 0.65078125 0.015625 0.61796875 0
0 0.16171875 0 0.15 0.01328125 0.1515625 0.03203125 0.16796875 0.0421875 0.178125 0.04140625 0.20625 0.03359375 0.19453125 0 0.16171875 0
0 0.18671875 0.0359375 0.1734375 0.04765625 0.17734375 0.059375 0.2140625 0.07421875 0.225 0.06640625 0.2296875 0.04921875 0.22578125 0.0421875 0.18671875 0.0359375
