0 0.46719367343749996 0.28223162031250004 0.521221496875 0.226200353125 0.5301452265625 0.205226646875 0.48742948437500005 0.1529784453125 0.470446240625 0.14570187968749998 0.42905468124999996 0.164222546875 0.3430954328125 0.1872479671875 0.3157537171875 0.23393476406249997 0.31620504375 0.25695859374999996 0.3279218140625 0.3205512296875 0.3574860453125 0.3421964546875 0.3899240734375 0.34634686875 0.46719367343749996 0.28223162031250004
0 0.632247809375 1 0.6438219609375 0.9912617609375 0.6609840109375 0.9883540546875 0.6775457312500001 0.9709094109375 0.67307954375 0.932911759375 0.6566327078125 0.89508238125 0.6339571375 0.870916171875 0.611911696875 0.8595895203125 0.593101984375 0.858884025 0.567195009375 0.872581165625 0.5501223609375 0.8703967359375 0.5230786484375 0.9001097484375 0.5202644484375 0.9142098015625001 0.5253905640625 0.9633496359375 0.552848946875 1 0.632247809375 1
0 0.11423731875000001 0.552642175 0.10468345937500001 0.5607763203125 0.1035467234375 0.57679219375 0.1139734359375 0.6164030859375 0.1282914828125 0.6292928125 0.1710923046875 0.627964371875 0.19124735625 0.6007723421875 0.181510375 0.5706062546874999 0.1722247203125 0.5634639921875 0.11423731875000001 0.552642175
0 0.7980113109375 0.29819096875 0.7884872515625 0.3046277359375 0.7781883828125 0.3551963421875 0.7864863046874999 0.369867584375 0.8268007296875 0.36396803437499997 0.8252679453124999 0.3050808140625 0.7980113109375 0.29819096875
0 0.6853318359375 0.28377373281249996 0.6953072203125 0.30036079843749997 0.725829384375 0.3161744203125 0.74412816875 0.29725084062499996 0.7498757734375 0.2622612234375 0.7271108015625 0.24318714843749997 0.7134228828125 0.24313698125 0.6849997109375 0.2539603890625 0.6853318359375 0.28377373281249996
0 0.8954359609375 0.206883690625 0.936048390625 0.1840103578125 0.9262220078125001 0.1589364015625 0.8983352437500001 0.139206996875 0.8871337203125 0.14372794375 0.8853711750000001 0.1953887640625 0.8877681703125001 0.20505201093749997 0.8954359609375 0.206883690625
0 0.8047596078125 0.4011258890625 0.81036253125 0.42310767031249996 0.8229137124999999 0.4391737078125 0.8552325421875 0.45011363906249996 0.8664638640625 0.44389531406250005 0.8704148 0.4137793890625 0.8447121078125001 0.36711037343749997 0.8241653296875 0.367883815625 0.8047596078125 0.4011258890625
0 0.24302762812499998 0.8676798609375 0.2349681109375 0.8394295906250001 0.227389721875 0.832505771875 0.2154686671875 0.8292792921875 0.18417169375 0.8575975093749999 0.191273278125 0.8916793828125 0.208827053125 0.9151902640625 0.23455522499999998 0.91167739375 0.256208940625 0.8965854562500001 0.258154609375 0.8832248734375 0.24302762812499998 0.8676798609375
0 0.386748390625 0.6734198796875 0.3868675921875 0.6666303671875 0.36817708125 0.659135359375 0.36353209375 0.6313219734375 0.344122053125 0.61607954375 0.341367453125 0.6267848390624999 0.3250739359375 0.6289530765625 0.3137234125 0.6419609140625 0.310700609375 0.667942615625 0.31564359999999997 0.6787822140625 0.3343043109375 0.6879746 0.36506487656250003 0.6902091953125 0.386748390625 0.6734198796875
0 0.0430301640625 0.41764312343750004 0.0990079765625 0.39673577656250003 0.0974497140625 0.38803044062500003 0.06551829218750001 0.35502459218750004 0.048143318750000004 0.3213294390625 0.01948174375 0.345731875 0.018970996875 0.37482305625 0.0430301640625 0.41764312343750004
