0 0.571875 0.95078125 0.55859375 0.9375 0.51796875 0.9234375 0.46484375 0.9265625 0.4484375 0.94609375 0.4515625 0.98828125 0.46953125 0.9984375 0.50625 0.99921875 0.55703125 0.9890625 0.56875 0.97734375 0.575 0.95859375 0.571875 0.95078125
0 0.66484375 0.665625 0.63984375 0.66875 0.6140625 0.68671875 0.6171875 0.71328125 0.62734375 0.7234375 0.6390625 0.72421875 0.66015625 0.7234375 0.66875 0.71640625 0.675 0.67890625 0.66484375 0.665625
0 0.790625 0.23046875 0.77734375 0.215625 0.73359375 0.2234375 0.7171875 0.23671875 0.7125 0.31015625 0.71796875 0.3171875 0.734375 0.31796875 0.75078125 0.3125 0.765625 0.29453125 0.7640625 0.25546875 0.790625 0.23046875
0 0.81796875 0.240625 0.79609375 0.25625 0.78046875 0.24375 0.7734375 0.25546875 0.784375 0.30078125 0.80546875 0.328125 0.825 0.33359375 0.85625 0.32109375 0.8625 0.26640625 0.85078125 0.2515625 0.81796875 0.240625
0 0.55390625 0.1984375 0.5 0.24609375 0.515625 0.27734375 0.52421875 0.2859375 0.5359375 0.28515625 0.5484375 0.27421875 0.5625 0.22734375 0.571875 0.21484375 0.55390625 0.1984375
0 0.84140625 0.0390625 0.82890625 0.0375 0.771875 0.09140625 0.771875 0.09921875 0.79140625 0.1375 0.834375 0.14296875 0.8421875 0.10703125 0.8375 0.08984375 0.85 0.05078125 0.84140625 0.0390625
0 0.38046875 0.0984375 0.30546875 0.1203125 0.3046875 0.15703125 0.321875 0.18984375 0.35234375 0.2234375 0.378125 0.22734375 0.4234375 0.20546875 0.4140625 0.18203125 0.4109375 0.13828125 0.38046875 0.0984375
0 0.48046875 0.1953125 0.4625 0.21328125 0.4609375 0.23515625 0.46796875 0.2421875 0.4765625 0.24140625 0.51875 0.21015625 0.521875 0.20078125 0.51171875 0.1890625 0.48046875 0.1953125
0 0.44375 0.33515625 0.45546875 0.3578125 0.4890625 0.36328125 0.5109375 0.34609375 0.49140625 0.325 0.44921875 0.3296875 0.44375 0.33515625
0 0.50703125 0.2875 0.4953125 0.29921875 0.490625 0.31796875 0.51875 0.33046875 0.534375 0.31640625 0.534375 0.30390625 0.52265625 0.2921875 0.50703125 0.2875
0 0.31640625 0.8609375 0.28203125 0.8609375 0.253125 0.88203125 0.24765625 0.915625 0.29375 0.91953125 0.31484375 0.915625 0.3203125 0.90859375 0.3265625 0.88203125 0.31640625 0.8609375
0 0.18671875 0.93125 0.1625 0.94453125 0.165625 0.96484375 0.17421875 0.971875 0.20078125 0.98125 0.2234375 0.98046875 0.234375 0.97578125 0.2359375 0.96484375 0.20546875 0.934375 0.18671875 0.93125
0 0.88828125 0.0828125 0.884375 0.09296875 0.8921875 0.12578125 0.9265625 0.13359375 0.946875 0.11640625 0.9421875 0.09609375 0.92734375 0.084375 0.88828125 0.0828125
0 0.71015625 0.4390625 0.7015625 0.44921875 0.7015625 0.47578125 0.73203125 0.4875 0.75 0.48671875 0.75625 0.47890625 0.753125 0.45859375 0.7375 0.43828125 0.71015625 0.4390625
0 0.64296875 0.4171875 0.63203125 0.4234375 0.61875 0.44609375 0.63359375 0.4578125 0.6421875 0.45703125 0.67421875 0.4484375 0.6890625 0.42734375 0.67421875 0.4171875 0.64296875 0.4171875
0 0.23046875 0.071875 0.1953125 0.11015625 0.2015625 0.13203125 0.2140625 0.13515625 0.228125 0.12265625 0.25 0.08046875 0.24765625 0.0640625 0.23046875 0.071875
0 0.18046875 0.5203125 0.15390625 0.5125 0.1359375 0.52890625 0.13125 0.56796875 0.1671875 0.59921875 0.1859375 0.59140625 0.196875 0.56328125 0.1953125 0.53359375 0.18046875 0.5203125
0 0.13046875 0.6359375 0.0734375 0.67109375 0.07265625 0.696875 0.1109375 0.70390625 0.13125 0.68984375 0.125 0.66640625 0.1375 0.64609375 0.13046875 0.6359375
0 0.04296875 0.6578125 0.015625 0.71953125 0.0484375 0.72734375 0.0671875 0.69453125 0.0703125 0.67578125 0.05234375 0.6578125 0.04296875 0.6578125
0 0.075 0.60234375 0.0734375 0.62421875 0.103125 0.63984375 0.1203125 0.60234375 0.11171875 0.5921875 0.08515625 0.5859375 0.075 0.60234375
0 0.25625 0.62421875 0.2546875 0.63515625 0.259375 0.65859375 0.27109375 0.6671875 0.2828125 0.66640625 0.303125 0.62109375 0.29609375 0.6140625 0.27734375 0.6109375 0.25625 0.62421875
