0 0.48046875 0.6765625 0.453125 0.69140625 0.4296875 0.72890625 0.43515625 0.746875 0.4640625 0.75390625 0.49296875 0.746875 0.5078125 0.71015625 0.503125 0.68984375 0.48046875 0.6765625
0 0.76171875 0.4875 0.715625 0.51484375 0.73046875 0.5359375 0.759375 0.53515625 0.8 0.52265625 0.8078125 0.49921875 0.80390625 0.48125 0.76171875 0.4875
0 0.73046875 0.7140625 0.71640625 0.7203125 0.7015625 0.75390625 0.7046875 0.76796875 0.7609375 0.79140625 0.7765625 0.77734375 0.7734375 0.73203125 0.75859375 0.715625 0.73046875 0.7140625
0 0.83984375 0.6421875 0.78984375 0.646875 0.79375 0.68671875 0.81015625 0.696875 0.8375 0.69609375 0.8578125 0.68046875 0.859375 0.66328125 0.853125 0.65078125 0.83984375 0.6421875
0 0.31953125 0.18125 0.315625 0.19140625 0.328125 0.22734375 0.33984375 0.2375 0.3484375 0.23671875 0.3703125 0.20859375 0.3671875 0.19609375 0.34609375 0.184375 0.31953125 0.18125
0 0.03515625 0.56875 0.00078125 0.5640625 0 0.66953125 0.01484375 0.6796875 0.0265625 0.67890625 0.03984375 0.6765625 0.053125 0.66328125 0.04375 0.57578125 0.03515625 0.56875
0 0.91484375 0.5359375 0.8828125 0.54765625 0.884375 0.57109375 0.89140625 0.58125 0.92421875 0.5953125 0.940625 0.59453125 0.95625 0.58671875 0.95 0.55546875 0.94140625 0.54375 0.91484375 0.5359375
0 0.66328125 0.8734375 0.63203125 0.8765625 0.621875 0.89765625 0.6265625 0.92265625 0.64453125 0.9421875 0.65 0.94140625 0.66328125 0.9375 0.6796875 0.91640625 0.6765625 0.88828125 0.66328125 0.8734375
0 0.17265625 0.8375 0.13984375 0.8390625 0.1046875 0.85859375 0.1109375 0.88515625 0.1265625 0.89765625 0.15703125 0.884375 0.171875 0.87109375 0.1765625 0.86328125 0.17265625 0.8375
0 0.58671875 0.209375 0.55859375 0.2171875 0.546875 0.23671875 0.553125 0.25859375 0.5734375 0.27109375 0.59140625 0.2625 0.60625 0.23984375 0.6 0.21953125 0.58671875 0.209375
0 0.803125 0.61953125 0.81328125 0.6296875 0.82734375 0.6375 0.840625 0.63671875 0.8484375 0.62265625 0.83359375 0.596875 0.803125 0.61015625 0.803125 0.61953125
0 0.54140625 0.9609375 0.525 0.98046875 0.53046875 1 0.5671875 0.99921875 0.5828125 0.98671875 0.5828125 0.97734375 0.56171875 0.959375 0.54140625 0.9609375
0 0.63046875 0.9546875 0.6171875 0.97421875 0.6140625 0.99921875 0.6671875 0.99921875 0.6765625 0.98515625 0.6671875 0.96171875 0.64765625 0.9484375 0.63046875 0.9546875
0 0.575 0.92734375 0.57890625 0.9515625 0.6140625 0.95390625 0.6296875 0.94140625 0.61484375 0.9171875 0.59140625 0.9140625 0.575 0.92734375
0 0.27265625 0.2328125 0.2640625 0.24765625 0.2625 0.26953125 0.27109375 0.275 0.3015625 0.27578125 0.31875 0.25859375 0.3140625 0.24296875 0.29296875 0.2296875 0.27265625 0.2328125
