0 0.7416591609375 0.4882270765625 0.7287150046875001 0.4610539109375 0.6891018875 0.454287265625 0.6698402421874999 0.46335070156249997 0.661274028125 0.488728025 0.6816759328125 0.5126539203125 0.7238338046874999 0.527783259375 0.7406011296874999 0.5184529453125 0.7416591609375 0.4882270765625
0 0.41738968749999994 0.20222334687500002 0.40030111718750006 0.21000233437500002 0.41519797187499996 0.2505313609375 0.451901228125 0.290359646875 0.46985266875000004 0.271043003125 0.46313170625 0.2425130796875 0.44233290312499995 0.2048921359375 0.41738968749999994 0.20222334687500002
0 0.717961475 0.18533473125 0.70074681875 0.17287418125 0.6562711453125 0.1858133171875 0.6429871 0.20411239375 0.6472137390625 0.2323754390625 0.6563281546875 0.244980609375 0.692829675 0.25242563281249997 0.7061893703125001 0.24627027968749998 0.717961475 0.18533473125
0 0.6073166609375 0.13001033281250002 0.5875824640625 0.11323499374999998 0.5701474296875 0.11541474843749999 0.5589860265625 0.12433356250000001 0.553159728125 0.13938536875000002 0.5681070171875 0.188010209375 0.6069767703125 0.175482575 0.6137163734375 0.156988928125 0.6073166609375 0.13001033281250002
0 0.2504619859375 0.7152967609374999 0.2179601546875 0.6996836125 0.20615625468749998 0.7054997765625 0.19882459375 0.7289865875 0.2011741875 0.7560374953125 0.212089996875 0.7577110796875 0.2453034 0.737499125 0.2530067421875 0.7236594562499999 0.2504619859375 0.7152967609374999
0 0.75379951875 0.965503503125 0.7601171203125 0.9503445828125001 0.7569298703125 0.9388792390624999 0.7518655765625 0.9262017578125 0.7359106890625 0.9158986 0.65071343125 0.944201146875 0.6454791953125001 0.9542597859375 0.647824678125 0.9886077203125 0.75379951875 0.965503503125
0 0.481882434375 0.1014200109375 0.4891384453125 0.065789478125 0.48498745468750004 0.04967015625 0.47399599375 0.035852850000000006 0.444165003125 0.048841934375 0.4342633671875 0.0599181421875 0.4319455671875 0.08798661875 0.4501996140625 0.11724486875 0.47321535 0.1106057046875 0.481882434375 0.1014200109375
0 0.876275790625 0.29025681875 0.8920289406249999 0.2681767109375 0.8901266781249999 0.2629166671875 0.8835065828124999 0.2505783765625 0.8591302109375001 0.23886851406249998 0.831768321875 0.24807656875 0.81971883125 0.26448513125 0.8292553593750001 0.294833259375 0.8523467484375 0.3003378203125 0.876275790625 0.29025681875
0 0.9541819296874999 0.7921079375 0.9346933296875 0.7647402015625 0.9184171953125 0.75288571875 0.9096744609374999 0.7499276890625 0.8848068953125001 0.759402625 0.893108875 0.791641265625 0.919784409375 0.8223062203125 0.9449480031249999 0.8103347046874999 0.9541819296874999 0.7921079375
0 0.23843004687499997 0.48444375937500006 0.22617881718750002 0.46846905781250003 0.200567890625 0.4586497109375 0.181627490625 0.46926447031249996 0.17424539375 0.4846554671875 0.187806828125 0.5108833749999999 0.20966366406249998 0.5182784500000001 0.2301598625 0.5073245 0.23843004687499997 0.48444375937500006
0 0.5093265484375 0.15542715625 0.528815146875 0.1827948921875 0.538149940625 0.18075975625000001 0.5461745296875 0.1684714125 0.5510623046875 0.1528135390625 0.547553809375 0.13979686875 0.5319453859375 0.1350929453125 0.5093265484375 0.15542715625
0 0.9490584484375001 0.31978716875 0.93972365625 0.3218223046875 0.9261687984375 0.34666587187500003 0.9319008046875 0.3664939109375 0.9547213796875 0.37854296249999997 0.9627835515625 0.37428838125 0.951994484375 0.3221871203125 0.9490584484375001 0.31978716875
0 0.928227853125 0.227046840625 0.90681835 0.24144263124999998 0.8976096437500001 0.2637173046875 0.9073665515625 0.27942512656249996 0.92954463125 0.288371528125 0.9447062031250001 0.286991428125 0.9326527609375 0.2287844109375 0.928227853125 0.227046840625
0 0.8915443249999999 0.3404329828125 0.9148560921875 0.3312972390625 0.9099617406249999 0.2958836359375 0.8943028828124999 0.283083896875 0.8732398437500001 0.30307891875 0.8749469453125001 0.327027178125 0.8915443249999999 0.3404329828125
0 0.2989943546875 0.7533567921875 0.27834685625 0.74002329375 0.26375260625 0.7480691609375001 0.25486514531250004 0.7718951625 0.26215295 0.7913840125 0.2786998953125 0.796694003125 0.300802325 0.7934966796875 0.3044807671875 0.7837772296875001 0.2989943546875 0.7533567921875
