0 0.3734375 0.88984375 0.35625 0.86640625 0.3359375 0.85546875 0.33984375 0.8359375 0.30390625 0.834375 0.26015625 0.85625 0.1875 0.91796875 0.190625 0.92890625 0.20078125 0.93125 0.26796875 1 0.3984375 0.99921875 0.375 0.98203125 0.384375 0.95390625 0.384375 0.92109375 0.3734375 0.88984375
0 0.71640625 0.53125 0.70390625 0.5375 0.684375 0.56328125 0.690625 0.59609375 0.70546875 0.6265625 0.75390625 0.6546875 0.7625 0.65390625 0.8 0.60546875 0.790625 0.54609375 0.75546875 0.5265625 0.71640625 0.53125
0 0.57109375 0.678125 0.5453125 0.70703125 0.5484375 0.76171875 0.57265625 0.79375 0.6015625 0.80078125 0.65625 0.73671875 0.6640625 0.71171875 0.64609375 0.69375 0.57109375 0.678125
0 0.77421875 0.85 0.74765625 0.834375 0.72578125 0.8328125 0.7171875 0.84453125 0.715625 0.86953125 0.703125 0.88828125 0.721875 0.90390625 0.734375 0.94921875 0.74765625 0.9578125 0.759375 0.95703125 0.7796875 0.94296875 0.7953125 0.91171875 0.796875 0.89296875 0.77421875 0.85
0 0.33828125 0.6796875 0.3109375 0.69296875 0.3078125 0.70703125 0.36015625 0.7578125 0.39140625 0.7765625 0.4140625 0.77734375 0.4453125 0.75078125 0.4453125 0.74140625 0.43359375 0.7296875 0.33828125 0.6796875
0 0.48671875 0.5421875 0.54609375 0.5328125 0.546875 0.49140625 0.54140625 0.4859375 0.46796875 0.4546875 0.4390625 0.49921875 0.40859375 0.5296875 0.3484375 0.57421875 0.3609375 0.60078125 0.3875 0.62421875 0.4 0.65390625 0.415625 0.65859375 0.4296875 0.64140625 0.4265625 0.62421875 0.4453125 0.56171875 0.48671875 0.5421875
0 0.45859375 0.553125 0.4453125 0.56328125 0.4375 0.59453125 0.46640625 0.615625 0.48125 0.61796875 0.4890625 0.59765625 0.4859375 0.56484375 0.47109375 0.5515625 0.45859375 0.553125
0 0.55390625 0.5453125 0.51015625 0.540625 0.4734375 0.55078125 0.4890625 0.57578125 0.48671875 0.628125 0.5703125 0.62734375 0.575 0.61640625 0.5625 0.59921875 0.565625 0.56015625 0.55390625 0.5453125
0 0.4296875 0.61328125 0.4296875 0.63046875 0.4390625 0.65234375 0.4875 0.67109375 0.5 0.65703125 0.484375 0.62578125 0.43828125 0.5984375 0.4296875 0.61328125
0 0.48359375 0.2734375 0.40078125 0.271875 0.37890625 0.2796875 0.3640625 0.29296875 0.3625 0.30234375 0.37578125 0.33125 0.44765625 0.3640625 0.4640625 0.36484375 0.48046875 0.3640625 0.4984375 0.34453125 0.4953125 0.30546875 0.48359375 0.2734375
0 0.35390625 0.1171875 0.26796875 0.1015625 0.2484375 0.11171875 0.2375 0.13984375 0.2296875 0.18828125 0.25078125 0.215625 0.265625 0.21953125 0.31796875 0.1984375 0.359375 0.16640625 0.3703125 0.13984375 0.35390625 0.1171875
0 0.35625 0.11015625 0.31640625 0.046875 0.24765625 0.021875 0.2125 0.04296875 0.2078125 0.07734375 0.2140625 0.10390625 0.2421875 0.12890625 0.26015625 0.1015625 0.32578125 0.1078125 0.35390625 0.11875 0.35625 0.11015625
0 0.16796875 0.03125 0.11640625 0.05 0.0875 0.06796875 0.09140625 0.084375 0.14296875 0.1203125 0.1515625 0.11953125 0.203125 0.09140625 0.2109375 0.06015625 0.20390625 0.04375 0.16796875 0.03125
0 0.77265625 0.246875 0.74453125 0.2375 0.66328125 0.2328125 0.6578125 0.23671875 0.6609375 0.26796875 0.66796875 0.2765625 0.69609375 0.2921875 0.725 0.29921875 0.74609375 0.2921875 0.765625 0.27578125 0.7765625 0.25234375 0.77265625 0.246875
0 0.52578125 0.1546875 0.515625 0.17578125 0.515625 0.19296875 0.528125 0.22109375 0.5859375 0.22734375 0.59375 0.21640625 0.575 0.17734375 0.55859375 0.1640625 0.52578125 0.1546875
0 0.51484375 0.896875 0.50078125 0.9 0.44453125 0.9375 0.4078125 0.98828125 0.41015625 1 0.5375 0.99921875 0.55 0.98203125 0.55 0.96640625 0.534375 0.91953125 0.51484375 0.896875
0 0.1046875 0.72109375 0.09453125 0.715625 0.0609375 0.74140625 0.0515625 0.76484375 0.07734375 0.7859375 0.1078125 0.78671875 0.1203125 0.77734375 0.1125 0.75390625 0.1140625 0.73828125 0.1046875 0.72109375
0 0.359375 0.43359375 0.34921875 0.4265625 0.28515625 0.43125 0.2640625 0.44765625 0.24375 0.47890625 0.2578125 0.52421875 0.26328125 0.5328125 0.325 0.53515625 0.3390625 0.51171875 0.36875 0.48359375 0.371875 0.47109375 0.359375 0.43359375
0 0.23671875 0.4828125 0.19140625 0.4890625 0.15078125 0.5109375 0.1328125 0.53046875 0.1296875 0.54296875 0.14296875 0.5625 0.18125 0.57265625 0.2359375 0.54140625 0.2453125 0.50703125 0.2453125 0.49453125 0.23671875 0.4828125
0 0.07265625 0.665625 0.04375 0.67890625 0.0515625 0.71796875 0.06484375 0.7296875 0.071875 0.72890625 0.109375 0.71015625 0.1125 0.68359375 0.09609375 0.6671875 0.07265625 0.665625
0 0 0.88046875 0.01171875 0.8890625 0.0328125 0.88984375 0.04765625 0.884375 0.0625 0.86171875 0.03828125 0.8390625 0.02109375 0.8375 0 0.85390625 0 0.88046875
0 0.86796875 0.8140625 0.83828125 0.809375 0.8 0.83671875 0.82265625 0.85 0.84453125 0.88125 0.8546875 0.88203125 0.871875 0.87265625 0.896875 0.84296875 0.9015625 0.82890625 0.86796875 0.8140625
0 0.65546875 0.81875 0.62890625 0.809375 0.60546875 0.8234375 0.5859375 0.84453125 0.62734375 0.88125 0.634375 0.88046875 0.653125 0.87109375 0.6625 0.85234375 0.6640625 0.82890625 0.65546875 0.81875
0 0.43046875 0.7859375 0.41640625 0.7859375 0.3765625 0.82421875 0.37734375 0.8296875 0.38984375 0.8296875 0.40859375 0.8421875 0.4640625 0.86171875 0.4734375 0.84296875 0.4703125 0.81328125 0.46171875 0.8015625 0.43046875 0.7859375
0 0.85625 0.36640625 0.84765625 0.3390625 0.81484375 0.325 0.77265625 0.3265625 0.7609375 0.33359375 0.7421875 0.37265625 0.7421875 0.38515625 0.7546875 0.40859375 0.78125 0.43203125 0.80546875 0.4265625 0.81875 0.41171875 0.8296875 0.38515625 0.85625 0.36640625
0 0.64609375 0.2875 0.6484375 0.26171875 0.6390625 0.23046875 0.63359375 0.225 0.60703125 0.2265625 0.56484375 0.2390625 0.5578125 0.28515625 0.5578125 0.29609375 0.5640625 0.29765625 0.58515625 0.2859375 0.59765625 0.2953125 0.62578125 0.2953125 0.64609375 0.2875
0 0.965625 0.48984375 0.94296875 0.4765625 0.88828125 0.4890625 0.84921875 0.509375 0.8375 0.52265625 0.8390625 0.53203125 0.85 0.53984375 0.85 0.56484375 0.8671875 0.59453125 0.89140625 0.60625 0.9125 0.60546875 0.95703125 0.5984375 0.984375 0.53828125 0.984375 0.52578125 0.965625 0.48984375
0 0.84609375 0.259375 0.79140625 0.2546875 0.7546875 0.29609375 0.76796875 0.3109375 0.81328125 0.3203125 0.859375 0.33828125 0.86875 0.33359375 0.8703125 0.29296875 0.8609375 0.27265625 0.84609375 0.259375
0 0.62578125 0.328125 0.61328125 0.328125 0.590625 0.34921875 0.5796875 0.36953125 0.62890625 0.4125 0.640625 0.41171875 0.6609375 0.39765625 0.66875 0.37578125 0.63984375 0.3375 0.62578125 0.328125
0 0.99921875 0 0.96796875 0.003125 0.9359375 0.04140625 0.940625 0.14921875 0.95 0.15703125 0.975 0.13359375 0.984375 0.10703125 1 0.08671875 0.99921875 0
0 0.86328125 0.615625 0.85234375 0.628125 0.8390625 0.63203125 0.834375 0.68046875 0.83984375 0.6890625 0.85390625 0.6890625 0.86796875 0.7015625 0.88125 0.70078125 0.89375 0.68359375 0.8921875 0.65703125 0.884375 0.63515625 0.86328125 0.615625
0 0.83984375 0.0546875 0.81953125 0.05625 0.7953125 0.08046875 0.790625 0.09921875 0.79921875 0.1078125 0.83125 0.11640625 0.88671875 0.0953125 0.8875 0.07890625 0.86640625 0.0625 0.83984375 0.0546875
0 0.56171875 0.4640625 0.5875 0.50703125 0.6078125 0.51328125 0.63125 0.50390625 0.6328125 0.46953125 0.61328125 0.4609375 0.56171875 0.4640625
0 0.89140625 0.6859375 0.86875 0.74921875 0.88671875 0.765625 0.903125 0.76484375 0.9296875 0.74140625 0.9328125 0.71328125 0.91171875 0.69375 0.89140625 0.6859375
0 0.93046875 0.7734375 0.9203125 0.78671875 0.921875 0.81015625 0.93671875 0.825 0.9515625 0.82578125 0.98671875 0.8078125 0.9875 0.79609375 0.96171875 0.7734375 0.93046875 0.7734375
0 0.57265625 0.3640625 0.53671875 0.3734375 0.525 0.38828125 0.53984375 0.409375 0.565625 0.42109375 0.59453125 0.4125 0.6078125 0.40078125 0.6078125 0.39140625 0.57265625 0.3640625
0 0.04375 0.17734375 0.0484375 0.18984375 0.07109375 0.209375 0.0953125 0.21171875 0.125 0.19453125 0.121875 0.15234375 0.06171875 0.1484375 0.04375 0.17734375
