0 0.6337743734375 0.148684125 0.5781898765625 0.1850261421875 0.5794425453125001 0.2083869875 0.6100762625 0.2809531234375 0.659092209375 0.36918634687499996 0.689761484375 0.3760724078125 0.723516503125 0.3650100953125 0.754766184375 0.30722609218749997 0.7626537015625 0.2850297828125 0.7531060828125 0.23051318125 0.6828869937500001 0.17924008593750002 0.651489525 0.147335584375 0.6337743734375 0.148684125
0 0.2917031671875 0.792673384375 0.26809654374999997 0.796249840625 0.2397492640625 0.8120770390625 0.21259353593750002 0.843262271875 0.1962125375 0.87864206875 0.2055156953125 0.9011474312500001 0.220083990625 0.9097444593749999 0.23150542812500002 0.928287046875 0.263911103125 0.9515411515625001 0.288123690625 0.9569775171874999 0.33620254374999997 0.9225009890625 0.3567997234375 0.8765280421874999 0.3588365140625 0.86189485625 0.3440441328125 0.8239541953125 0.3279024078125 0.820329953125 0.30893458749999997 0.798317646875 0.2917031671875 0.792673384375
0 0.75602440625 0.68299573125 0.7654090515624999 0.7161715078124999 0.8036654546875001 0.7318624921875 0.8207950171875 0.7241687359375 0.84308785625 0.6892286265625 0.8472632953125 0.6733002703125 0.8412699671875 0.66219016875 0.7853391546874999 0.65318293125 0.7746255375 0.6569911765625001 0.75602440625 0.68299573125
0 0.29299584375 0.25858240781249997 0.305262515625 0.2471337765625 0.3123810984375 0.194583821875 0.3058632953125 0.18513131562500001 0.278987584375 0.18264771562499998 0.2584718890625 0.239291075 0.29299584375 0.25858240781249997
0 0.3548740546875 0.20234925937499998 0.3652669125 0.226874640625 0.3979933484375 0.22179511875000002 0.41239867031250005 0.20905131875 0.42238409375 0.1802246328125 0.4002082984375 0.1601550828125 0.387819396875 0.15559809375 0.36104554375000003 0.1664525109375 0.3548740546875 0.20234925937499998
0 0.2572982328125 0 0.235211215625 0.0068232703125 0.2181835125 0.0278550421875 0.2474627015625 0.0637223140625 0.25498871562500003 0.064524428125 0.2602945953125 0.055951296875 0.2754840375 0.0052134640625 0.26995158125 0 0.2572982328125 0
0 0.20478676718750002 0.31334196406250003 0.23755394999999999 0.3135976484375 0.254118290625 0.30222628125 0.2663238484375 0.282774840625 0.2595819578125 0.243978696875 0.2412608421875 0.23631441562500002 0.202867021875 0.272965490625 0.196654790625 0.30352703281250004 0.20478676718750002 0.31334196406250003
0 0.622511828125 0.924647628125 0.6037884671875 0.9346465625 0.601206828125 0.9482697390625001 0.61501393125 0.9689143343750001 0.6594277187500001 0.9668457281249999 0.6614964265625 0.9653570484375 0.678987490625 0.9346648734375 0.6598974390625 0.896646946875 0.64807375625 0.8957675734375 0.6389743125 0.8999382421875 0.622511828125 0.924647628125
0 0.590370615625 0.65467885 0.577136475 0.68011308125 0.5578071515625 0.681099196875 0.5557092453125 0.6877295734375 0.569854921875 0.711322209375 0.598385546875 0.7195034406249999 0.61823935 0.71685973125 0.6262287234375 0.708001440625 0.63193685 0.6817650937499999 0.6259027796875001 0.6653197859375 0.61187933125 0.6577327703125 0.6128671703124999 0.6464147734375 0.590370615625 0.65467885
0 0.9703463031249999 0.5192505015625 0.97330586875 0.4627786109375 0.94950581875 0.48676477343749996 0.9099204453124999 0.5080578124999999 0.905683890625 0.5159833593750001 0.94949063125 0.55511245 0.9630160249999999 0.5424176578125001 0.9703463031249999 0.5192505015625
