0 0.575819646875 0 0.5505237281250001 0.0090603234375 0.46748410625 0.0132835125 0.454960315625 0.0201058515625 0.350913834375 0.015575340625 0.33507535312500003 0.03182883125 0.3310346328125 0.054227214062499994 0.3383632109375 0.0762027921875 0.359072503125 0.10449141718749999 0.3749020421875 0.10617296406250001 0.389874653125 0.094719125 0.3938974859375 0.10819081875 0.43849092343749996 0.14716933906250002 0.4993602484375 0.1585270234375 0.5609556046875 0.1569174765625 0.5967952390625 0.1460497640625 0.61925415625 0.12886900625 0.6460245296875 0.123560059375 0.65755155625 0.0954347578125 0.6808763453125 0.07345434687499999 0.740180603125 0.0487738 0.7650794000000001 0.044896584375 0.767816846875 0.0386652 0.7603394859375 0.026457082812499998 0.740220640625 0.0031228124999999997 0.7108234875 0 0.575819646875 0
0 0.7704514328125 0.23868675 0.7773515484375 0.25409463906249996 0.779922321875 0.2935007921875 0.8060186968749999 0.3411129375 0.82838980625 0.3557184671875 0.8365931984375001 0.35495935625 0.8404851375 0.3423284359375 0.7909867453125 0.182983859375 0.784147603125 0.189594796875 0.7704514328125 0.23868675
0 0.58087015 0.4802502046875 0.5721594328124999 0.48829287343749994 0.566964221875 0.5170907921875 0.571415515625 0.537130178125 0.5800473687500001 0.5429387593749999 0.5949411171875 0.5453361703125 0.6490591109375 0.5315185046875001 0.6554697875 0.518339875 0.6217383234375 0.486222109375 0.58087015 0.4802502046875
0 0.6213635265625 0.372044190625 0.6088397359375 0.37886653125 0.5902816984375 0.365481328125 0.5643771953125001 0.3659906234375 0.53752795625 0.3851508203125 0.5252838453125 0.4083083140625 0.5324026640625 0.418032528125 0.55563964375 0.4278384046875 0.577731075 0.42610878281250003 0.6181797312499999 0.40757795625000004 0.6538096062500001 0.38445887968750003 0.657124296875 0.37502772812499996 0.6213635265625 0.372044190625
0 0.7211522203125 0.2570926671875 0.7046055984375 0.250443315625 0.6767506531249999 0.2662355875 0.6623463421875 0.29242469375 0.6712578734375 0.31456842812499997 0.6864402453125 0.31536595625 0.698465653125 0.297892134375 0.7272563875 0.281383996875 0.7292767484375 0.27018480624999996 0.7211522203125 0.2570926671875
0 0.6966371640625 0.3572127671875 0.6853377843749999 0.36171935781250003 0.6823027734375 0.3874856625 0.6870426890625 0.4059251640625 0.69668025 0.41510166875000004 0.7099910453125 0.417330925 0.7269051531249999 0.40852914531250006 0.7290742984375 0.38756249375 0.7189383546875 0.3677345078125 0.6966371640625 0.3572127671875
0 0.9026577375 0.33751911875 0.8875273968749999 0.3766754578125 0.911332675 0.40121660312499996 0.9434901328124999 0.415231175 0.9523406890624999 0.41535608437500005 0.95630254375 0.406808953125 0.9548952078124999 0.3430682234375 0.9254751984375 0.32282226718749996 0.9026577375 0.33751911875
0 0.28492609375 0.6004531671875 0.2749210453125 0.6067277953125 0.26598268125 0.638389175 0.27488526874999997 0.678467946875 0.2951051234375 0.6781700546875 0.3053987953125 0.670295540625 0.331041509375 0.6175810171875 0.324788559375 0.6030571484375 0.28492609375 0.6004531671875
0 0.58265959375 0.7877979046875 0.5787676562499999 0.8004288234375 0.6179829546875 0.8021487875 0.6351856875 0.7917471234375 0.632256371875 0.749857065625 0.60252985 0.76708106875 0.58265959375 0.7877979046875
0 0 0.8726526203124999 0.01308325 0.8732264437499999 0.036617796875000004 0.8634973984375 0.032105528125 0.8214391875 0.0086498453125 0.8173169828125 0 0.8227417000000001 0 0.8726526203124999
