0 0.71083586875 1 0.70486573125 0.9716397999999999 0.6833236640625 0.9549035734375 0.6307184109375 0.9608274203124999 0.5951841421874999 0.9818091609374999 0.5860444031250001 0.9973522234375001 0.585786328125 1 0.71083586875 1
0 0.4141994578125 0.7280393968750001 0.40810170625 0.7430501796875 0.4248832125 0.7794845546875 0.4352544640625 0.7850518359375 0.4560107484375 0.7822401734375 0.4671953390625 0.7794628968749999 0.47418455000000004 0.767577025 0.46964912031250006 0.7404829984375 0.43942682031249997 0.72690606875 0.4141994578125 0.7280393968750001
0 0.176317521875 0.297214246875 0.1676235140625 0.31431976562499997 0.2006120984375 0.3347946765625 0.210234365625 0.3741222078125 0.2298097078125 0.3895621171875 0.2473402015625 0.3922362421875 0.263087771875 0.38866054375000003 0.2664054640625 0.38069800468750004 0.2408931515625 0.308061009375 0.22113400468750002 0.29757460625 0.176317521875 0.297214246875
0 0.1696545875 0.3410317734375 0.14390336875 0.32913317656249996 0.11508260937499999 0.3456593046875 0.1079095953125 0.362498684375 0.1295941359375 0.416120071875 0.1635798578125 0.42329691562500005 0.1810322265625 0.4145015734375 0.193765359375 0.383565709375 0.191486134375 0.336391515625 0.18129868437500002 0.325870728125 0.1696545875 0.3410317734375
0 0.3761053578125 0.2614356125 0.3887971640625 0.27233841875000003 0.4158580234375 0.316816828125 0.43114608906249996 0.3256248984375 0.44277640781249994 0.32441007499999996 0.4486903578125 0.31435279843749997 0.4549856890625 0.2804422875 0.38891662031249996 0.24196922031249998 0.3761053578125 0.2614356125
0 0.06358923125 0.131568496875 0.058566743750000004 0.144750684375 0.0818779546875 0.18168295625 0.082218009375 0.1996683875 0.1000747796875 0.23427416874999998 0.1403420546875 0.22148672500000002 0.14843408281249998 0.1798798109375 0.14620543125000002 0.1720675328125 0.07531145156249999 0.127876921875 0.06358923125 0.131568496875
0 0.5292201953125 0.1124305203125 0.510926940625 0.15746286874999998 0.5203654046875 0.20174390781249998 0.5179253984375001 0.22677758125 0.5682744468750001 0.2409339015625 0.592256521875 0.23263645312499998 0.6123326984374999 0.1938539265625 0.6197032921875001 0.15811481875 0.6084681296875 0.12153018125 0.5292201953125 0.1124305203125
0 0.427309071875 0.22540870625 0.42076558906250006 0.2388570328125 0.4264819609375 0.2476994859375 0.4764634046875 0.2717628203125 0.4850517359375 0.271080278125 0.48989042187500004 0.2628515984375 0.48212920312499996 0.241243359375 0.45951187187500003 0.22633572968750001 0.427309071875 0.22540870625
0 0.47286547968750003 0.382302428125 0.4990624296875 0.39576348125 0.5302037421875 0.384572878125 0.5351481062500001 0.3599212203125 0.5282645703125 0.355384115625 0.48586054218749997 0.357882528125 0.47286547968750003 0.382302428125
0 0.43801585000000004 0.344108225 0.4415816921875 0.356607871875 0.46080320625000004 0.368008571875 0.484615253125 0.35071840625 0.4747035046875 0.3327673578125 0.45995307343749997 0.3230449921875 0.4460803234375 0.3303937578125 0.43801585000000004 0.344108225
0 0.8052283093750001 0.8868202000000001 0.8188897015625001 0.9123173859374999 0.8262189687499999 0.918416946875 0.8478667124999999 0.9187301968750001 0.8916217062499999 0.906972928125 0.8767150234375001 0.874311621875 0.8425592734375 0.858142059375 0.8090974078125001 0.8639971390625 0.8052283093750001 0.8868202000000001
0 0.9553977734375 0.912218028125 0.9380373078125 0.9185366187499999 0.9170696703125 0.95419423125 0.921710778125 0.96486528125 0.9336949265625 0.96768966875 0.9559722031250001 0.9646118671874999 0.9791547171874999 0.9507127531249999 0.985514396875 0.9422179328125001 0.9827618890625001 0.9213737296875 0.9553977734375 0.912218028125
0 0.038894967187500004 0.22693433437500002 0.037139596875 0.192792065625 0.030439867187500004 0.1833014546875 0.010924596875000001 0.18756809531250002 0.013855592187499998 0.2378913265625 0.038894967187500004 0.22693433437500002
0 0.278619459375 0.5130776078125 0.269204015625 0.5360509312499999 0.2719565234375 0.5568951359375001 0.28026914999999997 0.563642853125 0.297983446875 0.5613634703125 0.32429984843750004 0.5444553234375 0.31672243125 0.517893578125 0.30545971875 0.5092013859375 0.278619459375 0.5130776078125
0 0.3342023515625 0.4812057875 0.3226501578125 0.4938900796875 0.343116959375 0.5124549 0.376748853125 0.5155925375 0.38533718437500003 0.5149099968749999 0.3964436484375 0.5006632484375 0.3770521078125 0.48026983124999995 0.3646222296875 0.4758829890625 0.3342023515625 0.4812057875
0 0.6510972875000001 0.07223959375 0.6844259234375001 0.1106999375 0.7016807125 0.12080432031249999 0.712957203125 0.115550290625 0.712800953125 0.0926113515625 0.66765819375 0.060319335937499996 0.6486986078125 0.0554345984375 0.6510972875000001 0.07223959375
0 0.8335939078125 0.516036834375 0.8405417906249999 0.5459896296875 0.8592118953125001 0.572250853125 0.8796924765625 0.5768694515624999 0.905760728125 0.5394991203124999 0.890054484375 0.501236146875 0.867882884375 0.4878909734375 0.8442546406250001 0.50022763125 0.8335939078125 0.516036834375
0 0.939925721875 0.636869265625 0.9405277015625 0.661370659375 0.964312196875 0.671972940625 0.9995707625 0.658421459375 0.9914557140625 0.6327740140625 0.9259104984375 0.607332871875 0.9219632734375001 0.6186864625 0.939925721875 0.636869265625
0 0.9262137546875 0.5720101640624999 0.95364221875 0.606581559375 0.9780837984374999 0.58590034375 0.9703225796874999 0.5642921046875 0.9557559484375 0.5496162296875 0.931681971875 0.56039043125 0.9262137546875 0.5720101640624999
0 0.7758053828125 0.6073507375 0.7584449171875 0.6136693265625001 0.75360623125 0.62189800625 0.7863053359375 0.663749403125 0.7979356546874999 0.6625345796875 0.80689159375 0.6519450234375 0.804768615625 0.6277097687500001 0.800127509375 0.61703871875 0.7758053828125 0.6073507375
