0 0 0.8821454859375001 0.046539215625000005 0.813440740625 0.0657812359375 0.7625094359375 0.0601532 0.7235407140625 0.0391445828125 0.7306690859375 0.0249296796875 0.7101195296875 0 0.696290846875 0 0.8821454859375001
0 0.34802079375 0.28262798125 0.353518515625 0.2680761796875 0.35440906562499996 0.22478125625 0.3291468421875 0.1893029546875 0.262966684375 0.187795175 0.213893878125 0.2358094890625 0.2139723125 0.2452976671875 0.250111709375 0.29400044687500004 0.2851650859375 0.3057173640625 0.32185474687500004 0.30771668750000003 0.34802079375 0.28262798125
0 0.182844303125 0.36862749687499996 0.1611683859375 0.351666715625 0.134583615625 0.3638587125 0.0702352109375 0.432914128125 0.0810991125 0.46341069218750003 0.1188880703125 0.48512379375 0.1792434984375 0.48050275468750003 0.20815840625 0.44813814687500003 0.182844303125 0.36862749687499996
0 0 0.31512091249999996 0.00963243125 0.3132220328125 0.0215570265625 0.30212794062500004 0.017460290625 0.27849762031249997 0 0.2552530734375 0 0.31512091249999996
0 0.2317951703125 0.702303340625 0.166545390625 0.60568438125 0.1524089234375 0.5946230031249999 0.1421206140625 0.5959995 0.1163732875 0.6339849171874999 0.1196977359375 0.65858208125 0.14367723906250002 0.6899144234375 0.20510541249999997 0.7395513328125001 0.2201975875 0.734078053125 0.2317951703125 0.702303340625
0 0.38875163437500004 0.6035873546875 0.41887082812500004 0.5658805296875 0.4645926328125 0.5278132249999999 0.4223014921875 0.4523010046875 0.4157044734375 0.4471390265625 0.3703495109375 0.45407069531250005 0.3665266796875 0.5202093375 0.34960152187500004 0.5682401171875 0.28305452343750004 0.597867975 0.263852334375 0.5969830218750001 0.24652173125000001 0.61484500625 0.2533673265625 0.6311994249999999 0.28730812656250004 0.64047465 0.3159213515625 0.6660059421875 0.346432715625 0.6757400015624999 0.38875163437500004 0.6035873546875
0 0.3579398125 0.53862850625 0.3417483375 0.5243880078125 0.30539896718750004 0.52579721875 0.28395834999999997 0.5373009671875 0.288146796875 0.553147378125 0.314443159375 0.581579196875 0.3478868046875 0.5684695343749999 0.357586246875 0.5524920578125 0.3579398125 0.53862850625
0 0.3557810453125 0.447384690625 0.3382151390625 0.4367821453125 0.295687471875 0.4459260875 0.2754644171875 0.4348155328125 0.263971821875 0.44153424843750005 0.2722171765625 0.5328272375 0.329405021875 0.5225853890625001 0.358541953125 0.535957396875 0.3656892359375 0.49441591718750005 0.3557810453125 0.447384690625
0 0.27504446875 0.5350395156250001 0.23904866249999998 0.5225851718750001 0.22497735156249998 0.53828405625 0.250828440625 0.588363334375 0.27585536093749996 0.5953771062500001 0.29471726249999997 0.592853528125 0.3100712921875 0.581300603125 0.27504446875 0.5350395156250001
0 0.6663392953125 0.5992618046875 0.6725308671875 0.5742549859375 0.6617985078124999 0.48415825312500005 0.625370703125 0.4760792875 0.582162459375 0.47840616249999995 0.5626851390625001 0.5008729375 0.5636142937499999 0.51888245 0.5662581656250001 0.53666254375 0.61009388125 0.6102410796875 0.6432623953125 0.6204831468750001 0.6533805593750001 0.6174023796875 0.6663392953125 0.5992618046875
0 0.8738974125000001 0.6941112921875 0.8473923015624999 0.602670771875 0.820742371875 0.58810250625 0.7927831703125 0.603932453125 0.7621402671874999 0.653798565625 0.7446914 0.7139886296875 0.7505945656249999 0.7296056234375 0.78289908125 0.7485984421875 0.8352046265625 0.7329651984375001 0.8648785453125001 0.7169058359375 0.8738974125000001 0.6941112921875
0 0.846697221875 0.7262464843750001 0.877195309375 0.753252628125 0.907026096875 0.756169615625 0.944239465625 0.7460096546874999 0.9470084578125 0.740070059375 0.9515562921875 0.6800528234375001 0.9286380828125 0.6332494421875 0.854853315625 0.5990819984375 0.84567758125 0.6029001890625 0.8607432046874999 0.6319710796875 0.8747481328125 0.7026326265625 0.846697221875 0.7262464843750001
0 0.9119856046875 0.8841698796875 0.9304155078124999 0.886021675 0.9369734812500001 0.872500478125 0.9456288921875 0.7582760203125 0.9443178984375 0.75549783125 0.9255477093750001 0.7502375015625 0.8921040625 0.763347165625 0.8668538937499999 0.82371746875 0.866932328125 0.8332056453125001 0.9119856046875 0.8841698796875
0 0.686814603125 0.2822027265625 0.6728229515625 0.1942690921875 0.659472046875 0.1649687875 0.6530451734375 0.16151107656250002 0.6285154078125 0.176882190625 0.6126376687499999 0.2005944 0.6072183828125 0.22463437812499998 0.61808228125 0.2551309421875 0.638292059375 0.28351358437499996 0.6484886578125 0.28992099531250004 0.6831233125 0.2887412015625 0.686814603125 0.2822027265625
0 0.7736618656250001 0.3862942921875 0.7573002484375 0.370349528125 0.7123905609375 0.355633734375 0.701238253125 0.365760984375 0.7143924609375001 0.4279011953125 0.7466185421875 0.43740583749999995 0.76548044375 0.43488225625 0.7875232046875 0.42070740000000006 0.7736618656250001 0.3862942921875
0 0.2027178734375 1 0.2188991421875 0.9734455640625 0.2117916890625 0.9631707875 0.1919089234375 0.9554687671875 0.1749318859375 0.9594671968749999 0.1483603921875 0.9543871078124999 0.139433234375 0.9693977421875 0.1432911890625 1 0.2027178734375 1
0 0.510220275 0.7237712125 0.50838851875 0.65320801875 0.49956634843750003 0.64316265625 0.4570519578125 0.635034515625 0.4436745 0.640278378125 0.41604230937500003 0.676788946875 0.39185283437499996 0.6955685953125 0.4011456046875 0.762543015625 0.41117206093750003 0.7672461609375001 0.4624301875 0.7759314875000001 0.4945126796875 0.7491876890625 0.510220275 0.7237712125
0 0.4569843484375 0.8345156375 0.45890904218750006 0.7841742296875001 0.4451128625 0.7765213859375 0.431395115625 0.778356715625 0.3946921796875 0.793629478125 0.366352859375 0.8578671484375 0.3816670609375 0.898130484375 0.4045472640625 0.9097490484374999 0.4179247234375 0.9045051828125 0.437402040625 0.8820384078125001 0.4569843484375 0.8345156375
0 0.27272653125 1 0.27615214374999997 0.989963978125 0.2718852640625 0.964629390625 0.25209420625 0.949143459375 0.22328428437499998 0.956452071875 0.20683173125 1 0.27272653125 1
0 0 0.209476646875 0.0091883828125 0.2217488 0.03502741875 0.17597947187500002 0.026650525 0.1442866484375 0.0067026031250000005 0.1098243640625 0 0.113048340625 0 0.209476646875
0 0 0.43514335624999995 0.02392454375 0.45638045624999996 0.044946437500000005 0.4319799984375 0.0578267375 0.404351246875 0.044645978125 0.37675520625000003 0.032564517187499996 0.36887294531250003 0.0070138859375000005 0.37401845625 0 0.37867337343749996 0 0.43514335624999995
0 0.10668712031250001 0.6326903078125 0.1051558234375 0.6173519046875 0.08460575625 0.5855607296875001 0.070809575 0.577907884375 0.037889640625 0.5788582609375 0.0183338859375 0.5918368593750001 0.045807984375 0.64947063125 0.0615674609375 0.668086503125 0.0629286140625 0.6817206390624999 0.0690152 0.6817698171875 0.10668712031250001 0.6326903078125
0 0.572021415625 0.176669021875 0.569142240625 0.13042439687500001 0.55013675 0.09669953906249999 0.5191933875 0.09134085625 0.50150921875 0.1230663921875 0.47355001718749995 0.1388963390625 0.45870641875 0.1555620640625 0.4553421421875 0.182781159375 0.48395536562499997 0.20831245312500002 0.5110372921875 0.2185053421875 0.5247550375000001 0.2166700109375 0.5655812640625 0.1904833984375 0.572021415625 0.176669021875
0 0.698620934375 0.3134367171875 0.692023915625 0.30827473906249997 0.6567086843750001 0.3026374640625 0.62867105 0.3089792375 0.6223093343749999 0.3322817890625 0.6253719281250001 0.36295859375 0.637021390625 0.3752162328125 0.62645795 0.399944459375 0.6288532453125 0.40653211093749997 0.6408562718749999 0.40492619531249996 0.6906748140625 0.3904892109375 0.6997986671875001 0.34263867187499997 0.698620934375 0.3134367171875
0 0.363062315625 0.12000165625 0.381100046875 0.07441256874999999 0.3869775203125 0.027859887500000003 0.2518229125 0.0459425578125 0.2507163046875 0.0650879546875 0.2521558921875 0.08821026562499999 0.2676535109375 0.1129057796875 0.3021047453125 0.1272938046875 0.3295402375 0.12362314375000001 0.33930483906250003 0.13440593125 0.3497632921875 0.1347336984375 0.363062315625 0.12000165625
0 0.6377575249999999 0.0867035703125 0.62156605 0.0724630734375 0.5982538468749999 0.06521988437500001 0.5538413171875 0.0728889765625 0.549718028125 0.08380282812499999 0.574456540625 0.131440415625 0.58967903125 0.179487659375 0.60741508125 0.191794471875 0.648856725 0.1456646640625 0.6377575249999999 0.0867035703125
0 0.5863002500000001 0.337099534375 0.5744806421875001 0.323137628125 0.529322378125 0.2972293921875 0.5061670421875 0.3089625546875 0.49294645312499996 0.3331827734375 0.4933651765625 0.346079484375 0.54587946875 0.3934549421875 0.566979796875 0.3785426609375 0.5876614015625 0.35073366875 0.5863002500000001 0.337099534375
0 0.22956287031249997 0.1490885796875 0.2324034390625 0.13402876875 0.244930178125 0.12026356875 0.2211992515625 0.10012366875 0.196342475 0.094814165625 0.16702212031250002 0.0970099765625 0.1495213734375 0.1131676921875 0.150110240625 0.1277686703125 0.165359284375 0.141271740625 0.1668905828125 0.1566101453125 0.1769170375 0.1613132875 0.22956287031249997 0.1490885796875
0 0.8630661937499999 0.06346709218749999 0.85160015 0.035641634374999995 0.8506333234375001 0.0346606515625 0.8094307203125 0.032981775000000005 0.796270615625 0.0819025078125 0.809189521875 0.11557818906249999 0.8195562656250001 0.1236898671875 0.8396224515625 0.1158240703125 0.8635633484374999 0.08585197812499999 0.8630661937499999 0.06346709218749999
0 0.392798940625 0.356943940625 0.3850627953125 0.3838844453125 0.394133540625 0.40512224999999996 0.444095671875 0.4269337046875 0.4419103515625 0.3702340609375 0.4303526 0.350192515625 0.392798940625 0.356943940625
0 0.07683590625 0.0987140265625 0.07776506093749999 0.1167235375 0.0977262609375 0.1339137359375 0.1647052578125 0.0999105015625 0.15391979375 0.0789021125 0.1337045625 0.061745901562500004 0.09966422968750001 0.0663002421875 0.07683590625 0.0987140265625
0 0.51881081875 0.3659899671875 0.508522509375 0.367366465625 0.49710834843749996 0.3835733578125 0.4908250640625 0.41636408593749996 0.50649283125 0.44276386875 0.5312578968749999 0.45585728281250004 0.5462716375000001 0.440895825 0.5526466328125 0.4003211875 0.51881081875 0.3659899671875
0 0.83407755 0.8609162859374999 0.78743986875 0.86370199375 0.7718107062499999 0.898606646875 0.7770200171874999 0.924678659375 0.8009210875000001 0.9465228265625001 0.8151492656249999 0.9498002968750001 0.8449148937500001 0.9259570234375 0.83407755 0.8609162859374999
