0 0.3292623953125 0.878868240625 0.3893808125 0.8456237390625001 0.423082059375 0.8035056375 0.4092523859375 0.7628797453125 0.3848783328125 0.7383521890625 0.3662009375 0.7389977234375 0.2984821484375 0.771977934375 0.30033390781249997 0.8142223203125001 0.3292623953125 0.878868240625
0 0.2076334578125 0.7419938625 0.2222121234375 0.761740803125 0.246434275 0.7660980796875 0.26652021718749996 0.7581015265625 0.3212082984375 0.7072781984375001 0.3503156515625 0.70311035 0.36743259687499996 0.6896455578125 0.3714169078125 0.6818291046875 0.3618753453125 0.6737273171875 0.35862753281250004 0.649749384375 0.3579180015625 0.5925597203125 0.3483639453125 0.5735425000000001 0.31628759375 0.5722421109375 0.2870783125 0.599901415625 0.26827400468749996 0.6022075328125001 0.245231559375 0.6156512765625 0.233012309375 0.6315063750000001 0.21324266406249998 0.6907589203125 0.2076334578125 0.7419938625
0 0.034628182812500005 0.743480984375 0.1063922890625 0.7482784078125 0.13662937656250002 0.7182498453124999 0.120756584375 0.6932779046875 0.057848034375 0.6522403953125 0.0298827375 0.6415943546875 0.034628182812500005 0.743480984375
0 0.21062744375000003 0.7692929671875001 0.200058075 0.7635604421875 0.1341035890625 0.762377009375 0.051298479687499995 0.7822526296875 0.036959360937500005 0.7935322859375 0.039075740625 0.8389718078125 0.0409309875 0.8403521125 0.06720875312499999 0.83997086875 0.1107303765625 0.824464246875 0.17254865156250002 0.8132938515625 0.21090625625 0.7878026609375001 0.21062744375000003 0.7692929671875001
0 0.1519649421875 0.27385816875 0.128186 0.3190963 0.143030984375 0.3464375 0.16211410937499998 0.362641075 0.1812991609375 0.355353196875 0.20856724999999998 0.3198563921875 0.24474233124999997 0.3007643078125 0.2548934765625 0.278732296875 0.2525340609375 0.243130259375 0.24389339062499998 0.2343197984375 0.1612921359375 0.2072125125 0.1208414359375 0.2046959234375 0.12237689843749999 0.19568431718749998 0.110005746875 0.1913691359375 0.0892852328125 0.2076686203125 0.10475229687500001 0.2157914546875 0.11195943125 0.21012206875 0.11999051875 0.24906632812499999 0.137918921875 0.26929974843750004 0.1519649421875 0.27385816875
0 0.1028176640625 0.551314134375 0.07033558437500001 0.5331646390625 0.0373208609375 0.49982662656250004 0.028946510937499996 0.49861042656250004 0.02351461875 0.5048683109375001 0.0263665515625 0.5661004296875001 0.031990471874999996 0.5695712625 0.04077055 0.58763656875 0.0500457890625 0.588144096875 0.089595596875 0.591369359375 0.1235881515625 0.5786763828125 0.1028176640625 0.551314134375
0 0.1641388 0.6685164359375 0.192586596875 0.650820653125 0.2045395265625 0.62737129375 0.192524128125 0.5962434875 0.176156175 0.5888293265625 0.139714771875 0.60032715 0.10158600625 0.6006663015625 0.1111400609375 0.6196835187499999 0.1641388 0.6685164359375
0 0.3817028765625 0.21487684218749997 0.38682941406250004 0.1921151109375 0.37329104687500003 0.1809143421875 0.358217221875 0.17872518125 0.327942653125 0.176007446875 0.3034791671875 0.185886778125 0.2737122546875 0.1765266953125 0.2430569453125 0.17879071875000002 0.23096460937500002 0.19298523125 0.253041715625 0.23648791249999998 0.2890004515625 0.2534633 0.31527821562499997 0.25308205625 0.36562623125 0.23688780625 0.3817028765625 0.21487684218749997
0 0.8523412484374999 0.2832273171875 0.8761451765625001 0.2598200515625 0.8826927546875 0.24062273437499998 0.8824139390625 0.22211304062499998 0.8435756421875 0.1652625265625 0.7813516359375 0.159583815625 0.7230350015625 0.19141096875000002 0.6702381374999999 0.206410065625 0.6946371796874999 0.2527684859375 0.706361265625 0.254471165625 0.712274275 0.2435767796875 0.7389452734375 0.24912920781249998 0.7751578359375 0.2627834234375 0.81215686875 0.2883049859375 0.8264567171874999 0.289542234375 0.8523412484374999 0.2832273171875
0 0.7128069171875 0.2587653 0.6312459593749999 0.2402041875 0.6164634421875 0.2674401515625 0.6193305140625001 0.29639984375 0.639822184375 0.3052523984375 0.6889510343749999 0.34932574843749997 0.698226275 0.349833275 0.7215225484375 0.3330683578125 0.7366983031250001 0.311766065625 0.7427382234375 0.2992110921875 0.7387289265625 0.2851966796875 0.7128069171875 0.2587653
0 1 0.265436565625 0.9888566046875 0.2585593609375 0.963098990625 0.263213690625 0.8796718046875001 0.302307678125 0.8778950078125 0.3255558890625 0.9295996203125 0.36916380625 0.955914865625 0.40152885937500005 0.9990807343749999 0.4128348625 1 0.4161173734375 1 0.265436565625
