0 0.7981039187500001 0.8278579671875 0.8477679484375 0.9146964578125001 0.8599466421875 0.9130777171875 0.8645588125 0.9026471765625 0.9176921124999999 0.8653921406249999 0.9463685390625001 0.7209871734375 0.9271730125 0.7110260421875 0.8926158203125001 0.705917221875 0.8573955 0.7126775546874999 0.829083825 0.7272976328125 0.8132771625 0.7471856078125 0.7935319437499999 0.73999254375 0.7843006140625 0.777948578125 0.7981039187500001 0.8278579671875
0 0.5791023671875 0.3313255453125 0.6149788218750001 0.32979100781250004 0.6502008874999999 0.3187569359375 0.6900456078125 0.2716498984375 0.6910368015625 0.2623936421875 0.647939365625 0.21499189843750002 0.5834284125 0.215712403125 0.5554378125 0.2500403296875 0.5521291765624999 0.292291153125 0.556072978125 0.30655097656249997 0.5791023671875 0.3313255453125
0 0.81175041875 0.4563281734375 0.7558251421875 0.3882244265625 0.7311449296875 0.37602779062499997 0.7084278765625001 0.3923297609375 0.67614094375 0.4696172890625 0.7011422359374999 0.50152176875 0.7593971875000001 0.506714790625 0.7982437250000001 0.485958959375 0.81175041875 0.4563281734375
0 0.8822329968749999 0.34023780625 0.9082324703125 0.34579108125 0.9253409171874999 0.3619971234375 0.9457545062499999 0.3444998203125 0.9914360046875 0.3388471125 0.99270111875 0.2844926375 0.9694837218749999 0.2676567453125 0.9500665703125 0.263076578125 0.9000307812499999 0.28046863125 0.8779681171875 0.30627013281250004 0.8717051250000001 0.32927860937500003 0.8822329968749999 0.34023780625
0 0.7155405109374999 0.7062377703125 0.74188378125 0.67594030625 0.7474888890625 0.65197976875 0.7261103234374999 0.614627265625 0.7162368390625 0.6131676015624999 0.7014213703125 0.6237993203125 0.628644065625 0.717325665625 0.6368597359375 0.7484582140625 0.6510103328125 0.7539693875 0.7155405109374999 0.7062377703125
0 0.6076215281249999 0.6142062593750001 0.5888605109375 0.6148518890625 0.52699506875 0.5851907265625 0.5151654109375 0.5381375125 0.5178249046875 0.47356594531249996 0.47438192656249994 0.4662886796875 0.46746804218750004 0.471250146875 0.419055115625 0.544444065625 0.4598525828125 0.582102996875 0.485510009375 0.619233275 0.5197111734375001 0.6901089984375 0.550324565625 0.68095799375 0.5806151328125 0.656372878125 0.6145196859375 0.647708428125 0.622754578125 0.6318298640625 0.6076215281249999 0.6142062593750001
0 0.5938217203125 0.5557493953125 0.5740782453125 0.54428259375 0.5388614234375 0.5424954515625 0.52174074375 0.5562055703125 0.520747803125 0.569735565625 0.5286406484375 0.5854340031249999 0.559903184375 0.5986037453125 0.5882201046875 0.5711624546875 0.5938217203125 0.5557493953125
0 0.5510401171875 0.5408767125 0.6056723468749999 0.5515177578125 0.6224946671875 0.46254119843749997 0.611965046875 0.455855740625 0.5912251390625001 0.466466409375 0.550745253125 0.4570628 0.5326386249999999 0.46720796406250004 0.518467059375 0.512981640625 0.5214126765625 0.5535926734375 0.5510401171875 0.5408767125
0 0.602709253125 0.5536441 0.5641820453124999 0.5983815171875 0.5780010765625 0.6098272703125 0.5961024640625 0.61250331875 0.6211194843750001 0.6059441624999999 0.6510907203125 0.5573774593749999 0.6389190171875 0.5419012484375 0.602709253125 0.5536441
0 0.21234013125 0.5873967390625 0.2159506234375 0.6118648796875 0.2268048140625 0.6297107109375 0.23634848281249998 0.6328312125 0.269595153125 0.62321470625 0.31932384375 0.551924903125 0.323609690625 0.5346077265625 0.3262499625 0.517047271875 0.309473078125 0.494906653125 0.2676739328125 0.492146403125 0.231465915625 0.4996155171875 0.21234013125 0.5873967390625
0 0.0115111421875 0.7243926875 0.0388228875 0.7403975546875 0.0881868109375 0.7562433453125 0.12143697499999999 0.7380793625 0.128684171875 0.722909578125 0.11751763906249998 0.663987209375 0.09252334062499999 0.6149877765625 0.066857175 0.5992261890624999 0.039533195312500005 0.6131374859375 0.0049375578125 0.702050890625 0.0115111421875 0.7243926875
0 0 0.7565132343750001 0.0282932671875 0.7337120953125 0.00328848125 0.7103550890625 0.0237230390625 0.6415729359375 0.041178778124999996 0.6133807640625 0.032622806250000004 0.609551478125 0 0.6236768515625 0 0.7565132343750001
0 0.24869669375 0.21665992968749997 0.22660956250000003 0.30229375625 0.2295691609375 0.3087148875 0.2631404046875 0.3102587515625 0.2736752671875 0.3041229984375 0.2960677453125 0.27666065781250004 0.3095744375 0.2470298734375 0.30662183125000003 0.2235137890625 0.2934659234375 0.200198884375 0.27109091875 0.18492385 0.26450684999999996 0.1882244796875 0.24869669375 0.21665992968749997
0 0.20452418125 0.3836538453125 0.1946541921875 0.3736467078125 0.1495568953125 0.387494853125 0.1321064 0.4028658140625 0.1153067984375 0.43628378124999995 0.13537833906250002 0.45036348125 0.153479725 0.45303953124999996 0.1857386984375 0.4441318015625 0.20452418125 0.3836538453125
0 0.9752980625 0.5369232625 0.9226324937499999 0.54623334375 0.894648884375 0.56346631875 0.8949717093749999 0.5789004296875 0.9225922984375 0.64452930625 0.9549555734374999 0.677745721875 0.9827031765625 0.5380180109375 0.9752980625 0.5369232625
0 0.6155173203125 0.9814130343749999 0.6926727265625 0.9791680406250001 0.692718603125 0.9789639921875001 0.685483640625 0.9642176109375 0.6591508562499999 0.9688726531249999 0.6430248671875 0.964779040625 0.6229445874999999 0.9720680296875001 0.6155173203125 0.9814130343749999
0 0.3643687125 0.6662888859375 0.3557830328125 0.735113140625 0.368609125 0.760088884375 0.397233140625 0.7865453453125 0.44792331562500004 0.778652825 0.45812836093750003 0.7741779125 0.47362443125000003 0.7089396625 0.451909059375 0.69034295 0.4285550953125 0.6544080078125 0.41605008125 0.6491401109375 0.373917625 0.656588175 0.3643687125 0.6662888859375
0 0.41134354218749997 0.8903524812500001 0.428120425 0.9124931015625 0.44062544062500003 0.9177609984374999 0.46399862656249996 0.906684828125 0.482775371875 0.8675755578125001 0.46140728906249995 0.804580628125 0.42718340625 0.7892634937499999 0.4140187609375 0.7873172765625001 0.399862925 0.7946273140625 0.39688060625 0.843764771875 0.41134354218749997 0.8903524812500001
0 0.61241496875 0.965382571875 0.585099728125 0.95792518125 0.564358071875 0.9728095859374999 0.5616398671875 0.9829807078125 0.6168378453125001 0.9813746109375 0.61241496875 0.965382571875
0 0.9102550515625 0.22898260312500002 0.9477840765625001 0.21059639218749998 0.950750665625 0.1999225734375 0.9445051484375 0.180193675 0.9185161578125 0.148997975 0.9046953796875 0.14182596249999999 0.8819713390624999 0.17522288125000002 0.8707681062500001 0.2060490015625 0.8914852953124999 0.2509969203125 0.9102550515625 0.22898260312500002
0 0.8545285249999999 0.47974833125 0.9019397703124999 0.441453096875 0.9026011484375 0.43385768125 0.8966854468750001 0.41246794062500003 0.87891736875 0.399583578125 0.854563475 0.3942735796875 0.8420532187499999 0.40182689531250004 0.8265728765624999 0.42860150625 0.8364358749999999 0.455703596875 0.8545285249999999 0.47974833125
0 0.7889407453125 0.699138234375 0.794865184375 0.6991592843750001 0.79750370625 0.68587256875 0.8146261328125 0.6678887109375 0.8469043296875001 0.6119698703124999 0.8291362515625 0.59908550625 0.797210590625 0.5977849187500001 0.7830547515624999 0.6050949578125 0.76000264375 0.6358789765624999 0.75703430625 0.6508265328125 0.7889407453125 0.699138234375
0 0.408038878125 0.11798026406249999 0.377427234375 0.1228575328125 0.355690890625 0.15554566875 0.3484314609375 0.200631615625 0.353362959375 0.21418265937499997 0.39054469375 0.24019466562499997 0.40370933906250006 0.24214088125000002 0.43103156875000004 0.23250332343750002 0.46132213593750004 0.20791820625000001 0.4606747390625 0.1813237234375 0.44784515156250004 0.164895453125 0.4221789875 0.1491338640625 0.408038878125 0.11798026406249999
0 0.2805769171875 0.32907769375 0.253919559375 0.3225723609375 0.21902905781249998 0.32767185468750004 0.212115171875 0.33263332343749996 0.20815389374999999 0.36111087343750004 0.2124135296875 0.40789975937499995 0.259473990625 0.42255021406250004 0.2709930546875 0.424253153125 0.273957896875 0.4178530734375 0.26606854687500003 0.393607159375 0.2785805515625 0.38178010625000003 0.284517225 0.35188499375000004 0.2805769171875 0.32907769375
0 0.6160975875 0.008551907812499999 0.6029329421875 0.0066056906250000005 0.5611268078125 0.020940390625 0.542357053125 0.0429547078125 0.5439781671875 0.1030303109375 0.5571253359375 0.14771390625 0.5686391578125 0.1622380578125 0.5788424562500001 0.16203688125 0.5893790640625001 0.151627390625 0.6157083546875 0.155519825 0.650602353125 0.14187285624999998 0.66805634375 0.1179544203125 0.6716860578125 0.0954114484375 0.6736806750000001 0.046982771875 0.6160975875 0.008551907812499999
0 0.3309862109375 0.2031813625 0.35042433281249996 0.156476678125 0.37907805781250004 0.110279596875 0.37612020468749996 0.0995847265625 0.3336649234375 0.09159868125000001 0.3102934859375 0.09840111562500001 0.2931728078125 0.11211123593750001 0.276692534375 0.16951079062500002 0.3125497640625 0.214987365625 0.3309862109375 0.2031813625
0 0.35295275625 0.41243542812499995 0.4085954 0.366809103125 0.410246225 0.3542311671875 0.3997235953125 0.3304507578125 0.3783345421875 0.31874068125 0.3319162375 0.343505921875 0.3190744171875 0.3569938140625 0.3164358953125 0.37028053125 0.3338689140625 0.397646946875 0.35295275625 0.41243542812499995
0 0.6828490921875 0.162881290625 0.6841596156249999 0.17760662031250002 0.73418316875 0.19013073125 0.7443882140625 0.1856558171875 0.7473565515625 0.17070826249999999 0.7634895328125 0.15770692343749998 0.7654701734375 0.1434681484375 0.7500073046875 0.12750538281249998 0.7217026203125 0.1250305109375 0.6970154171875 0.1299288265625 0.6719931546875 0.149309196875 0.6828490921875 0.162881290625
0 0.1127923546875 0.1461351296875 0.12365703125000001 0.1383385375 0.1394689359375 0.1056293484375 0.1289620359375 0.0433853015625 0.111848346875 0.040000471875 0.090117246875 0.059867396875 0.076282484375 0.08688528437500001 0.07364046875 0.1087194765625 0.094034834375 0.1382332859375 0.1127923546875 0.1461351296875
0 0.44871750937500005 0.44625335312500003 0.499412925 0.42553962187499994 0.5102828453125 0.404921815625 0.5053565875 0.378549559375 0.46948362968749996 0.3715366203125 0.45631024687500005 0.390959090625 0.44871750937500005 0.44625335312500003
0 0.7895187171875 0.090606659375 0.7644964546875 0.1099870296875 0.7519809546875 0.13036155625 0.8138446484375 0.16429645625 0.8349161203125 0.1477512125 0.8375563890625 0.1301907578125 0.8184795375 0.09830732812500001 0.7895187171875 0.090606659375
0 0.911958303125 0.08819254062500001 0.9004549671875001 0.048025962500000005 0.8882780203125 0.045370964062500005 0.8589751515625 0.06924729843750001 0.8523788484375 0.10246409062499999 0.8642224828125 0.115327403125 0.889236009375 0.1173157203125 0.90800226875 0.10384887812500002 0.911958303125 0.08819254062500001
0 0.40428858125 0.43541113124999997 0.4013394671875 0.4033475734375 0.391801040625 0.38740585781250003 0.3819275578125 0.38594619531249996 0.34570905625 0.4190577359375 0.347996790625 0.4587167109375 0.36115619374999997 0.473484140625 0.386504775 0.46099040625 0.40428858125 0.43541113124999997
0 0.0845064171875 0.9027247078125 0.0726715171875 0.86849270625 0.027581209375 0.865245903125 0.011861053125 0.9244674265624999 0.0708064453125 0.93318171875 0.0769259109375 0.9281028062500001 0.0845064171875 0.9027247078125
