0 0.41484375 0.7375 0.39765625 0.740625 0.3375 0.78046875 0.3421875 0.81953125 0.3734375 0.87578125 0.4265625 0.83671875 0.4546875 0.79296875 0.4390625 0.75703125 0.41484375 0.7375
0 0.3953125 0.69453125 0.3984375 0.68671875 0.3890625 0.68046875 0.384375 0.65859375 0.3796875 0.60546875 0.36953125 0.5890625 0.33984375 0.5921875 0.31484375 0.621875 0.29765625 0.6265625 0.27734375 0.6421875 0.2671875 0.65859375 0.253125 0.71640625 0.2515625 0.76484375 0.26640625 0.78125 0.2890625 0.78203125 0.30703125 0.771875 0.35390625 0.7171875 0.38046875 0.709375 0.3953125 0.69453125
0 0.10703125 0.7015625 0.06640625 0.6921875 0.0640625 0.71640625 0.071875 0.73515625 0.06875 0.78046875 0.07734375 0.790625 0.0890625 0.78984375 0.15859375 0.784375 0.184375 0.75234375 0.16796875 0.73125 0.10703125 0.7015625
0 0.2578125 0.80703125 0.25625 0.78984375 0.24609375 0.7859375 0.18515625 0.79375 0.11015625 0.8234375 0.090625 0.84296875 0.09375 0.87265625 0.1046875 0.87890625 0.12890625 0.875 0.16796875 0.8546875 0.22421875 0.8359375 0.2578125 0.80703125
0 0.2625 0.32734375 0.2578125 0.29453125 0.24921875 0.2875 0.17109375 0.2734375 0.13359375 0.2765625 0.134375 0.26796875 0.12265625 0.265625 0.1046875 0.28359375 0.11953125 0.2890625 0.12578125 0.2828125 0.1359375 0.31796875 0.15390625 0.334375 0.1671875 0.33671875 0.1484375 0.38203125 0.1640625 0.40546875 0.1828125 0.41796875 0.2 0.40859375 0.22265625 0.371875 0.2546875 0.34921875 0.2625 0.32734375
0 0.11015625 0.5890625 0.07734375 0.5625 0.06953125 0.5625 0.0515625 0.58828125 0.0515625 0.61640625 0.07734375 0.628125 0.08671875 0.64375 0.0953125 0.64296875 0.13203125 0.640625 0.1625 0.62421875 0.14140625 0.6015625 0.11015625 0.5890625
0 0.21171875 0.6265625 0.17890625 0.6421875 0.14375 0.64765625 0.15390625 0.6640625 0.20625 0.70234375 0.23125 0.68203125 0.240625 0.65859375 0.22734375 0.63125 0.21171875 0.6265625
0 0.378125 0.22890625 0.36484375 0.2203125 0.35078125 0.2203125 0.32265625 0.221875 0.30078125 0.234375 0.27265625 0.2296875 0.24453125 0.2359375 0.234375 0.25078125 0.2578125 0.28828125 0.2921875 0.29921875 0.31640625 0.2953125 0.36171875 0.2734375 0.375 0.25078125 0.378125 0.22890625
0 0.8375 0.18984375 0.79765625 0.1421875 0.73984375 0.1453125 0.68828125 0.1828125 0.640625 0.20390625 0.66640625 0.24375 0.67734375 0.24375 0.68203125 0.2328125 0.70703125 0.234375 0.74140625 0.2421875 0.77734375 0.2609375 0.790625 0.26015625 0.8140625 0.25078125 0.834375 0.22578125 0.8390625 0.20703125 0.8375 0.18984375
0 0.709375 0.26796875 0.68359375 0.246875 0.60703125 0.240625 0.5953125 0.26796875 0.6 0.29453125 0.61953125 0.3 0.66796875 0.334375 0.6765625 0.33359375 0.696875 0.31484375 0.709375 0.29296875 0.7140625 0.28046875 0.709375 0.26796875
0 1 0.25390625 0.99375 0.22890625 0.97421875 0.2109375 0.95234375 0.2078125 0.95546875 0.2171875 0.93828125 0.209375 0.91484375 0.2171875 0.840625 0.26484375 0.840625 0.28671875 0.89140625 0.3203125 0.91796875 0.346875 0.95859375 0.3515625 0.96953125 0.38125 1 0.38203125 1 0.25390625
