0 0.8175663890625 0.3747657484375 0.79868854375 0.3959384359375 0.784865528125 0.43087545 0.7779220234374999 0.492105521875 0.783815271875 0.5535135921875 0.8183327078125 0.600632003125 0.8312533046875 0.6055743765625 0.818668075 0.6196895 0.8189475484375001 0.6355707484375 0.8450123203125001 0.6581604921875 0.8660222640624999 0.6669859078125 0.8884376796875 0.6645181859375 0.9058262109375 0.6498742625 0.9104140390625 0.5459410890624999 0.9182239140625 0.533942884375 0.9296074078125001 0.45153839375000004 0.965124196875 0.3731260046875 0.9633920625 0.2746963 0.9307216640625 0.2413771203125 0.9193462734375 0.233082234375 0.9129698156250001 0.235375421875 0.906984621875 0.25990235781250004 0.8775139125000001 0.31724765312500003 0.8538327656250001 0.3389491359375 0.8251247375 0.348474421875 0.8175663890625 0.3747657484375
0 0.6265386046875 0.1396126296875 0.61375774375 0.14261088125000002 0.6122963796875001 0.150727771875 0.6247378203125 0.174021709375 0.669368965625 0.2033190828125 0.7079630734375 0.20861744999999998 0.7225406671875 0.2165598078125 0.7720909546875 0.2063311921875 0.77919809375 0.19997955781250001 0.6265386046875 0.1396126296875
0 0.42352199218750003 0.31710496093749996 0.40520309374999997 0.3700401453125 0.4062691421875 0.385039196875 0.41124013125000003 0.3940391484375 0.4305930796875 0.39986458125 0.45941289531249996 0.396691796875 0.468093190625 0.3885757734375 0.46576545625000004 0.3474607953125 0.43706148125000005 0.3116363890625 0.42352199218750003 0.31710496093749996
0 0.579211946875 0.4129402984375 0.581966990625 0.3871777703125 0.57039596875 0.36776600937500004 0.57820584375 0.35576780625 0.578377578125 0.3199468640625 0.5687989203125 0.3225925859375 0.5429257265625 0.35646940625 0.5211531015624999 0.395463996875 0.5175276359375001 0.41734434687500005 0.5251657734374999 0.4411670859375 0.5341255390625 0.44893230937500006 0.5580023203125 0.4383476984375 0.579211946875 0.4129402984375
0 0.6579575234374999 0.28413545 0.639698571875 0.29489719375 0.639163521875 0.3100725125 0.6602014125 0.3204860546875 0.687252446875 0.3079607859375 0.7052319234375 0.28131779375 0.7001212 0.26437721875000003 0.6879312859375 0.255376403125 0.6767235781250001 0.2566102640625 0.6579575234374999 0.28413545
0 0.5514464390625 0.2481252515625 0.54130478125 0.2643581671875 0.542342884375 0.27776909375000003 0.5505440203124999 0.2880046390625 0.5682958671875 0.2940063390625 0.59394143125 0.292774209375 0.5993636265625 0.2818344671875 0.5909389140625 0.2588939265625 0.5722886984375 0.247421921875 0.5514464390625 0.2481252515625
0 0.5636845593750001 0.031965746875 0.5746925843749999 0.0649647015625 0.596796525 0.090377296875 0.6366843125 0.0780300265625 0.653146534375 0.0563276734375 0.6357620515625 0.02562190625 0.5730955359375 0.019791278125 0.5643314 0.0231429265625 0.5636845593750001 0.031965746875
0 0.24621857500000002 0.6795282984375 0.28492447187500003 0.6911791640625 0.316890596875 0.6844775984375 0.323941840625 0.6749497156250001 0.324844259375 0.6350703296875 0.31108119218749997 0.627833903125 0.25692322968750003 0.649708190625 0.24827088593750002 0.6594123390625 0.24621857500000002 0.6795282984375
0 0.1659723625 0.3128390734375 0.154229603125 0.329248253125 0.1525126625 0.3684217109375 0.16529352343749998 0.365423459375 0.1874294640625 0.3470744890625 0.20698209374999998 0.31866710625 0.1659723625 0.3128390734375
0 0.029877946875 0.9658935796874999 0.041281284375 0.975776590625 0.0633333828125 0.9526632453125 0.0792326046875 0.9445480890625 0.0862838484375 0.9350202062499999 0.0842635359375 0.9113746 0.043225857812500004 0.9039584421875 0.0315948875 0.926720121875 0.029877946875 0.9658935796874999
