0 0.51796875 0.7890625 0.503125 0.80078125 0.4953125 0.81640625 0.4921875 0.87734375 0.49921875 0.890625 0.51953125 0.903125 0.5375 0.90390625 0.5515625 0.89921875 0.54375 0.82890625 0.5375 0.80546875 0.51796875 0.7890625
0 0.66640625 0.865625 0.65234375 0.865625 0.6375 0.87734375 0.6328125 0.89140625 0.64140625 0.9046875 0.69296875 0.9234375 0.71484375 0.9375 0.7375 0.94140625 0.7703125 0.90546875 0.7703125 0.89609375 0.76015625 0.8859375 0.66640625 0.865625
0 0.3484375 0.43046875 0.32265625 0.3921875 0.28828125 0.403125 0.271875 0.41953125 0.278125 0.45546875 0.30625 0.50390625 0.315625 0.50859375 0.325 0.50234375 0.340625 0.46328125 0.35 0.45546875 0.3484375 0.43046875
0 0.4359375 0.78828125 0.4609375 0.77265625 0.4546875 0.75390625 0.44296875 0.746875 0.43046875 0.75625 0.40390625 0.75625 0.403125 0.74453125 0.38671875 0.7296875 0.36953125 0.7296875 0.31171875 0.759375 0.3109375 0.79140625 0.31953125 0.8046875 0.33125 0.80703125 0.3296875 0.83203125 0.3421875 0.83671875 0.38671875 0.8125 0.43203125 0.80625 0.4375 0.80078125 0.4359375 0.78828125
0 0.52734375 0.5875 0.51015625 0.575 0.46328125 0.5578125 0.42265625 0.55625 0.40859375 0.5625 0.39140625 0.553125 0.384375 0.56171875 0.38515625 0.571875 0.40390625 0.5734375 0.43671875 0.5875 0.49765625 0.6328125 0.51171875 0.640625 0.525 0.63984375 0.5609375 0.60234375 0.55546875 0.5875 0.54140625 0.58125 0.52734375 0.5875
0 0.45546875 0.653125 0.44453125 0.6546875 0.4078125 0.68828125 0.40859375 0.6953125 0.42890625 0.690625 0.46484375 0.728125 0.490625 0.73359375 0.49765625 0.725 0.52265625 0.7203125 0.5375 0.69765625 0.45546875 0.653125
0 0.80390625 0.6109375 0.76015625 0.5859375 0.70546875 0.5390625 0.69140625 0.5375 0.68203125 0.54375 0.6625 0.56796875 0.65625 0.59296875 0.74296875 0.65625 0.82109375 0.7015625 0.83984375 0.7234375 0.853125 0.72578125 0.859375 0.71796875 0.85 0.67421875 0.81875 0.62578125 0.80390625 0.6109375
0 0.76171875 0.446875 0.68359375 0.434375 0.64765625 0.4375 0.603125 0.45859375 0.61796875 0.4765625 0.68515625 0.496875 0.73828125 0.5390625 0.7515625 0.53828125 0.77265625 0.5296875 0.778125 0.52109375 0.778125 0.47421875 0.76171875 0.446875
0 0.93984375 0.365625 0.92265625 0.3765625 0.88046875 0.378125 0.834375 0.41328125 0.8296875 0.45859375 0.8375 0.48984375 0.87421875 0.5109375 0.9296875 0.52421875 0.97734375 0.49375 1 0.46640625 0.99609375 0.3703125 0.93984375 0.365625
0 0.578125 0.18515625 0.559375 0.14921875 0.53515625 0.1359375 0.52734375 0.1375 0.509375 0.16015625 0.5078125 0.19765625 0.496875 0.23515625 0.4953125 0.26328125 0.50234375 0.2734375 0.515625 0.27265625 0.58359375 0.25625 0.590625 0.24921875 0.5890625 0.21796875 0.578125 0.18515625
0 0.05546875 0.6515625 0.00078125 0.6578125 0 0.82265625 0.090625 0.82578125 0.10625 0.81796875 0.1140625 0.71796875 0.07109375 0.6578125 0.05546875 0.6515625
0 1 0.09453125 0.95234375 0.1 0.95 0.11640625 1 0.15859375 1 0.09453125
0 0.60234375 0.575 0.58515625 0.6 0.571875 0.60390625 0.5796875 0.64921875 0.58515625 0.6546875 0.6375 0.66015625 0.65625 0.65078125 0.6453125 0.59296875 0.62578125 0.5734375 0.60234375 0.575
0 0.875 0.86328125 0.875 0.88359375 0.89609375 0.90625 0.94453125 0.9375 0.98515625 0.978125 0.996875 0.97890625 1 0.85078125 0.92265625 0.8234375 0.90234375 0.8234375 0.875 0.86328125
