0 0.8125 0.47265625 0.8140625 0.45546875 0.80546875 0.4453125 0.76171875 0.428125 0.72578125 0.3921875 0.65546875 0.3609375 0.63671875 0.359375 0.61640625 0.3765625 0.5875 0.38515625 0.5921875 0.42265625 0.6140625 0.45859375 0.6484375 0.48359375 0.67109375 0.51875 0.71796875 0.5515625 0.75078125 0.5546875 0.77890625 0.565625 0.803125 0.56484375 0.8234375 0.53515625 0.8328125 0.49765625 0.8296875 0.48359375 0.8125 0.47265625
0 0.69375 0.23984375 0.64921875 0.2171875 0.62734375 0.221875 0.5953125 0.28671875 0.6140625 0.33828125 0.64921875 0.35625 0.67109375 0.3515625 0.7046875 0.35546875 0.74140625 0.3484375 0.746875 0.33828125 0.7046875 0.28359375 0.69375 0.23984375
0 0.62109375 0.4921875 0.60078125 0.478125 0.57265625 0.471875 0.55234375 0.4765625 0.546875 0.49453125 0.56015625 0.5125 0.58125 0.52578125 0.5890625 0.55390625 0.62109375 0.58125 0.646875 0.59453125 0.6828125 0.55234375 0.6484375 0.48828125 0.63515625 0.4796875 0.62109375 0.4921875
0 0.7109375 0.58515625 0.7140625 0.60390625 0.7265625 0.61171875 0.74921875 0.609375 0.759375 0.60078125 0.73203125 0.5734375 0.7109375 0.58515625
0 0.88515625 0.6671875 0.871875 0.68671875 0.875 0.71171875 0.88828125 0.725 0.8984375 0.72421875 0.925 0.70859375 0.915625 0.66953125 0.90703125 0.6578125 0.88515625 0.6671875
0 0.76328125 0.20625 0.75 0.21796875 0.746875 0.23984375 0.75703125 0.2484375 0.79765625 0.253125 0.82109375 0.2828125 0.853125 0.28515625 0.8609375 0.27890625 0.853125 0.26015625 0.80546875 0.2125 0.76328125 0.20625
0 0.41328125 0.18125 0.3859375 0.18828125 0.3765625 0.23046875 0.3984375 0.24453125 0.4609375 0.23203125 0.4625 0.21484375 0.45078125 0.184375 0.41328125 0.18125
0 0.2203125 0.47578125 0.2125 0.47109375 0.2171875 0.46796875 0.2140625 0.45859375 0.2046875 0.45546875 0.2078125 0.45234375 0.1984375 0.43984375 0.16640625 0.4203125 0.15234375 0.421875 0.140625 0.43515625 0.1375 0.51640625 0.16953125 0.5140625 0.178125 0.54296875 0.215625 0.56171875 0.24921875 0.5421875 0.253125 0.52578125 0.215625 0.48046875 0.2203125 0.47578125
0 0.07265625 0.5515625 0.0015625 0.56015625 0.0015625 0.56640625 0.0140625 0.57265625 0.02890625 0.6046875 0.059375 0.61015625 0.10546875 0.5859375 0.11875 0.56953125 0.11875 0.55859375 0.07265625 0.5515625
0 0.890625 0.33984375 0.9 0.32265625 0.89609375 0.315625 0.86953125 0.30625 0.84375 0.33828125 0.8515625 0.35234375 0.8546875 0.38203125 0.87734375 0.3984375 0.8890625 0.39921875 0.9 0.39453125 0.8984375 0.37109375 0.890625 0.35546875 0.890625 0.33984375
0 0.471875 0.23203125 0.4734375 0.25390625 0.5015625 0.25703125 0.5109375 0.24921875 0.5046875 0.22421875 0.47890625 0.215625 0.471875 0.23203125
