0 1 0.48272458125 0.9903500140625001 0.49302536406249997 0.9790261359375 0.5356445640625 0.9868887171875 0.5919069671875 1 0.602538146875 1 0.48272458125
0 0.749040465625 0.42553669375 0.7588689625 0.4150453578125 0.758684196875 0.4026707359375 0.7560465468750001 0.3803425640625 0.74789819375 0.37108065625000003 0.70784513125 0.3635474953125 0.694723678125 0.373961903125 0.7001670453125 0.40047905312500004 0.7213191484375 0.42818785468750004 0.749040465625 0.42553669375
0 0.22285691562499998 0.290366346875 0.23826317968750002 0.308044675 0.3160508265625 0.3148099625 0.3229895703125 0.309199246875 0.32240160156250003 0.29186708125 0.3152277234375 0.2743810640625 0.2950164234375 0.2582398609375 0.2539888890625 0.25893080625 0.22536043593750002 0.230222665625 0.21086130625 0.2439036390625 0.22285691562499998 0.290366346875
0 0.2402290984375 0.2412909390625 0.2531824828125 0.24901572343749998 0.29998952343749996 0.2385635421875 0.326988471875 0.21692770156250002 0.33107113125 0.19640589375 0.31521129531250003 0.16304791406250002 0.25704698125 0.1550916625 0.2424134515625 0.1671201234375 0.233710525 0.20155367812499997 0.25205690937499997 0.2250735 0.2402290984375 0.2412909390625
0 0.3048944734375 0.5009286421875 0.292293925 0.48743929374999995 0.24168999375000003 0.4714127859375 0.22771176875000002 0.46119000000000004 0.2119693640625 0.479790053125 0.26682375468749997 0.5379748984375 0.298409296875 0.5222190125 0.30672571875 0.5133417296875 0.3048944734375 0.5009286421875
0 0.0886691359375 0.2468219671875 0.1273278234375 0.227107878125 0.129394475 0.1817983625 0.0908534875 0.17265115 0.0731454375 0.177185603125 0.0309082953125 0.163003925 0.019298918749999998 0.17180428125 0.018727646875 0.1849859296875 0.08043674843750001 0.24662965468750003 0.0886691359375 0.2468219671875
0 0.22287225312499997 0.7249768390625 0.25565070625 0.6935797640625 0.25754928593750004 0.6664094390625 0.23060097812499997 0.6179480546875 0.20671022031250003 0.6272862 0.160877653125 0.6295142703125001 0.1215132921875 0.660757496875 0.15101521406250001 0.7406166468750001 0.1897746359375 0.742346778125 0.22287225312499997 0.7249768390625
0 0.263900334375 0.5626472203125 0.22734196406249998 0.5172600890625 0.21719429687499997 0.5137242843750001 0.2057193203125 0.5241771546875 0.214993246875 0.5573812874999999 0.23547334531250003 0.5768275171874999 0.2586584328125 0.5790185109375 0.26546277812499997 0.5717552796875001 0.263900334375 0.5626472203125
0 0.36551140000000004 0.5996577765625 0.3883773171875 0.5878216296875001 0.391250371875 0.5524271984375 0.3712575078125 0.5288689125 0.350710071875 0.549006090625 0.3592783265625 0.5937393578125 0.36551140000000004 0.5996577765625
0 0.3247866046875 0.5030427093750001 0.313446028125 0.5151480953124999 0.30985060625 0.531557846875 0.3232071921875 0.5442401718750001 0.34336812499999997 0.549659265625 0.3541207296875 0.520221715625 0.33795842343750004 0.5033504109375 0.3247866046875 0.5030427093750001
0 0.9941964531249999 0.77268416875 0.98826585 0.750279071875 0.9803862984375 0.7443221921875 0.951858578125 0.73705826875 0.9305047375 0.7472803640625 0.9334615546875 0.783635671875 0.9581754140625 0.814726428125 0.9940450843749999 0.821337175 0.9941964531249999 0.77268416875
0 0.07072649375 0.066621015625 0.0596547203125 0.0820314265625 0.0613682640625 0.12330581562500001 0.07240636875 0.12768710781249998 0.1063103921875 0.12023225468750001 0.1115859625 0.0840692609375 0.09172749999999999 0.0621634875 0.07072649375 0.066621015625
0 0.4988771640625 0.2794959125 0.49010717187499997 0.272693540625 0.4689717671875 0.27549855624999997 0.4489115671875 0.2915236796875 0.45208682031249997 0.32046190625 0.46352812656250003 0.329800740625 0.49151824531250005 0.3304546078125 0.5012460109375 0.298519053125 0.4988771640625 0.2794959125
0 0.47686774375 0.3927885859375 0.465056903125 0.3587005046875 0.44155265000000005 0.342482375 0.43212735156250004 0.3579312515625 0.4348153671875 0.39098153125 0.442342084375 0.4027029796875 0.4673584125 0.41730705781250005 0.4784301859375 0.40189664531249997 0.47686774375 0.3927885859375
0 0.113801265625 0.7983000953125 0.096714853125 0.800375009375 0.10642564843749999 0.8187449750000001 0.149788365625 0.856868878125 0.172301446875 0.8507972984375 0.174519196875 0.8376541109375 0.1601377703125 0.8224737843750001 0.113801265625 0.7983000953125
0 0.6675550328125001 0.8986529515624999 0.6577098359375 0.87863046875 0.6271324359375 0.8663705421874999 0.5959837640625001 0.8672922671875 0.5832655140624999 0.8826642171874999 0.5773179390625 0.9105646406250001 0.5961515609375 0.9299724109374999 0.6377167015625 0.9358915203124999 0.6675550328125001 0.8986529515624999
0 0.7786967 1 0.782707453125 0.96072045625 0.7661419453125 0.9388916109375 0.7419823859375 0.9449247250000001 0.719502971875 0.9312045984375 0.709405671875 0.9383909031250001 0.75135704375 0.999573075 0.7593158171875001 1 0.7786967 1
0 0.6787776328125 0.996228203125 0.7019627203125001 0.9984191953125 0.7158738796875 0.96740605625 0.6748800109374999 0.948305296875 0.6649171109374999 0.9571441171874999 0.6606160140624999 0.985083003125 0.6787776328125 0.996228203125
0 0.72840790625 0.778020809375 0.6789128484375 0.755422709375 0.6721085046875 0.7626859421875001 0.6704283578125 0.782439184375 0.686237828125 0.80507505625 0.697897571875 0.8069968078124999 0.72219153125 0.8026162078124999 0.7302391515625 0.7904338953125001 0.72840790625 0.778020809375
